3 0 1 2
3 3 4 5
3 6 7 8
3 9 10 11
3 12 13 14
3 15 16 17
3 18 19 20
3 21 22 23
3 24 25 26
3 27 28 29
3 30 31 32
3 33 34 35
3 36 37 38
3 39 40 41
3 42 43 44
3 45 46 47
3 48 49 50
3 51 52 53
3 54 55 56
3 57 58 59
3 60 61 62
3 63 64 65
3 66 67 68
3 69 70 71
3 72 73 74
3 75 76 77
3 78 79 80
3 81 82 83
3 84 85 86
3 87 88 89
3 90 91 92
3 93 94 95
3 96 97 98
3 99 100 101
3 102 103 104
3 105 106 107
3 108 109 110
3 111 112 113
3 114 115 116
3 117 118 119
3 120 121 122
3 123 124 125
3 126 127 128
3 129 130 131
3 132 133 134
3 135 136 137
3 138 139 140
3 141 142 143
3 144 145 146
3 147 148 149
3 150 151 152
3 153 154 155
3 156 157 158
3 159 160 161
3 162 163 164
3 165 166 167
3 168 169 170
3 171 172 173
3 174 175 176
3 177 178 179
3 180 181 182
3 183 184 185
3 186 187 188
3 189 190 191
3 192 193 194
3 195 196 197
3 198 199 200
3 201 202 203
3 204 205 206
3 207 208 209
3 210 211 212
3 213 214 215
3 216 217 218
3 219 220 221
3 222 223 224
3 225 226 227
3 228 229 230
3 231 232 233
3 234 235 236
3 237 238 239
3 240 241 242
3 243 244 245
3 246 247 248
3 249 250 251
3 252 253 254
3 255 256 257
3 258 259 260
3 261 262 263
3 264 265 266
3 267 268 269
3 270 271 272
3 273 274 275
3 276 277 278
3 279 280 281
3 282 283 284
3 285 286 287
3 288 289 290
3 291 292 293
3 294 295 296
3 297 298 299
3 300 301 302
3 303 304 305
3 306 307 308
3 309 310 311
3 312 313 314
3 315 316 317
3 318 319 320
3 321 322 323
3 324 325 326
3 327 328 329
3 330 331 332
3 333 334 335
3 336 337 338
3 339 340 341
3 342 343 344
3 345 346 347
3 348 349 350
3 351 352 353
3 354 355 356
3 357 358 359
3 360 361 362
3 363 364 365
3 366 367 368
3 369 370 371
3 372 373 374
3 375 376 377
3 378 379 380
3 381 382 383
3 384 385 386
3 387 388 389
3 390 391 392
3 393 394 395
3 396 397 398
3 399 400 401
3 402 403 404
3 405 406 407
3 408 409 410
3 411 412 413
3 414 415 416
3 417 418 419
3 420 421 422
3 423 424 425
3 426 427 428
3 429 430 431
3 432 433 434
3 435 436 437
3 438 439 440
3 441 442 443
3 444 445 446
3 447 448 449
3 450 451 452
3 453 454 455
3 456 457 458
3 459 460 461
3 462 463 464
3 465 466 467
3 468 469 470
3 471 472 473
3 474 475 476
3 477 478 479
3 480 481 482
3 483 484 485
3 486 487 488
3 489 490 491
3 492 493 494
3 495 496 497
3 498 499 500
3 501 502 503
3 504 505 506
3 507 508 509
3 510 511 512
3 513 514 515
3 516 517 518
3 519 520 521
3 522 523 524
3 525 526 527
3 528 529 530
3 531 532 533
3 534 535 536
3 537 538 539
3 540 541 542
3 543 544 545
3 546 547 548
3 549 550 551
3 552 553 554
3 555 556 557
3 558 559 560
3 561 562 563
3 564 565 566
3 567 568 569
3 570 571 572
3 573 574 575
3 576 577 578
3 579 580 581
3 582 583 584
3 585 586 587
3 588 589 590
3 591 592 593
3 594 595 596
3 597 598 599
3 600 601 602
3 603 604 605
3 606 607 608
3 609 610 611
3 612 613 614
3 615 616 617
3 618 619 620
3 621 622 623
3 624 625 626
3 627 628 629
3 630 631 632
3 633 634 635
3 636 637 638
3 639 640 641
3 642 643 644
3 645 646 647
3 648 649 650
3 651 652 653
3 654 655 656
3 657 658 659
3 660 661 662
3 663 664 665
3 666 667 668
3 669 670 671
3 672 673 674
3 675 676 677
3 678 679 680
3 681 682 683
3 684 685 686
3 687 688 689
3 690 691 692
3 693 694 695
3 696 697 698
3 699 700 701
3 702 703 704
3 705 706 707
3 708 709 710
3 711 712 713
3 714 715 716
3 717 718 719
3 720 721 722
3 723 724 725
3 726 727 728
3 729 730 731
3 732 733 734
3 735 736 737
3 738 739 740
3 741 742 743
3 744 745 746
3 747 748 749
3 750 751 752
3 753 754 755
3 756 757 758
3 759 760 761
3 762 763 764
3 765 766 767
3 768 769 770
3 771 772 773
3 774 775 776
3 777 778 779
3 780 781 782
3 783 784 785
3 786 787 788
3 789 790 791
3 792 793 794
3 795 796 797
3 798 799 800
3 801 802 803
3 804 805 806
3 807 808 809
3 810 811 812
3 813 814 815
3 816 817 818
3 819 820 821
3 822 823 824
3 825 826 827
3 828 829 830
3 831 832 833
3 834 835 836
3 837 838 839
3 840 841 842
3 843 844 845
3 846 847 848
3 849 850 851
3 852 853 854
3 855 856 857
3 858 859 860
3 861 862 863
3 864 865 866
3 867 868 869
3 870 871 872
3 873 874 875
3 876 877 878
3 879 880 881
3 882 883 884
3 885 886 887
3 888 889 890
3 891 892 893
3 894 895 896
3 897 898 899
3 900 901 902
3 903 904 905
3 906 907 908
3 909 910 911
3 912 913 914
3 915 916 917
3 918 919 920
3 921 922 923
3 924 925 926
3 927 928 929
3 930 931 932
3 933 934 935
3 936 937 938
3 939 940 941
3 942 943 944
3 945 946 947
3 948 949 950
3 951 952 953
3 954 955 956
3 957 958 959
3 960 961 962
3 963 964 965
3 966 967 968
3 969 970 971
3 972 973 974
3 975 976 977
3 978 979 980
3 981 982 983
3 984 985 986
3 987 988 989
3 990 991 992
3 993 994 995
3 996 997 998
3 999 1000 1001
3 1002 1003 1004
3 1005 1006 1007
3 1008 1009 1010
3 1011 1012 1013
3 1014 1015 1016
3 1017 1018 1019
3 1020 1021 1022
3 1023 1024 1025
3 1026 1027 1028
3 1029 1030 1031
3 1032 1033 1034
3 1035 1036 1037
3 1038 1039 1040
3 1041 1042 1043
3 1044 1045 1046
3 1047 1048 1049
3 1050 1051 1052
3 1053 1054 1055
3 1056 1057 1058
3 1059 1060 1061
3 1062 1063 1064
3 1065 1066 1067
3 1068 1069 1070
3 1071 1072 1073
3 1074 1075 1076
3 1077 1078 1079
3 1080 1081 1082
3 1083 1084 1085
3 1086 1087 1088
3 1089 1090 1091
3 1092 1093 1094
3 1095 1096 1097
3 1098 1099 1100
3 1101 1102 1103
3 1104 1105 1106
3 1107 1108 1109
3 1110 1111 1112
3 1113 1114 1115
3 1116 1117 1118
3 1119 1120 1121
3 1122 1123 1124
3 1125 1126 1127
3 1128 1129 1130
3 1131 1132 1133
3 1134 1135 1136
3 1137 1138 1139
3 1140 1141 1142
3 1143 1144 1145
3 1146 1147 1148
3 1149 1150 1151
3 1152 1153 1154
3 1155 1156 1157
3 1158 1159 1160
3 1161 1162 1163
3 1164 1165 1166
3 1167 1168 1169
3 1170 1171 1172
3 1173 1174 1175
3 1176 1177 1178
3 1179 1180 1181
3 1182 1183 1184
3 1185 1186 1187
3 1188 1189 1190
3 1191 1192 1193
3 1194 1195 1196
3 1197 1198 1199
3 1200 1201 1202
3 1203 1204 1205
3 1206 1207 1208
3 1209 1210 1211
3 1212 1213 1214
3 1215 1216 1217
3 1218 1219 1220
3 1221 1222 1223
3 1224 1225 1226
3 1227 1228 1229
3 1230 1231 1232
3 1233 1234 1235
3 1236 1237 1238
3 1239 1240 1241
3 1242 1243 1244
3 1245 1246 1247
3 1248 1249 1250
3 1251 1252 1253
3 1254 1255 1256
3 1257 1258 1259
3 1260 1261 1262
3 1263 1264 1265
3 1266 1267 1268
3 1269 1270 1271
3 1272 1273 1274
3 1275 1276 1277
3 1278 1279 1280
3 1281 1282 1283
3 1284 1285 1286
3 1287 1288 1289
3 1290 1291 1292
3 1293 1294 1295
3 1296 1297 1298
3 1299 1300 1301
3 1302 1303 1304
3 1305 1306 1307
3 1308 1309 1310
3 1311 1312 1313
3 1314 1315 1316
3 1317 1318 1319
3 1320 1321 1322
3 1323 1324 1325
3 1326 1327 1328
3 1329 1330 1331
3 1332 1333 1334
3 1335 1336 1337
3 1338 1339 1340
3 1341 1342 1343
3 1344 1345 1346
3 1347 1348 1349
3 1350 1351 1352
3 1353 1354 1355
3 1356 1357 1358
3 1359 1360 1361
3 1362 1363 1364
3 1365 1366 1367
3 1368 1369 1370
3 1371 1372 1373
3 1374 1375 1376
3 1377 1378 1379
3 1380 1381 1382
3 1383 1384 1385
3 1386 1387 1388
3 1389 1390 1391
3 1392 1393 1394
3 1395 1396 1397
3 1398 1399 1400
3 1401 1402 1403
3 1404 1405 1406
3 1407 1408 1409
3 1410 1411 1412
3 1413 1414 1415
3 1416 1417 1418
3 1419 1420 1421
3 1422 1423 1424
3 1425 1426 1427
3 1428 1429 1430
3 1431 1432 1433
3 1434 1435 1436
3 1437 1438 1439
3 1440 1441 1442
3 1443 1444 1445
3 1446 1447 1448
3 1449 1450 1451
3 1452 1453 1454
3 1455 1456 1457
3 1458 1459 1460
3 1461 1462 1463
3 1464 1465 1466
3 1467 1468 1469
3 1470 1471 1472
3 1473 1474 1475
3 1476 1477 1478
3 1479 1480 1481
3 1482 1483 1484
3 1485 1486 1487
3 1488 1489 1490
3 1491 1492 1493
3 1494 1495 1496
3 1497 1498 1499
3 1500 1501 1502
3 1503 1504 1505
3 1506 1507 1508
3 1509 1510 1511
3 1512 1513 1514
3 1515 1516 1517
3 1518 1519 1520
3 1521 1522 1523
3 1524 1525 1526
3 1527 1528 1529
3 1530 1531 1532
3 1533 1534 1535
3 1536 1537 1538
3 1539 1540 1541
3 12 1542 13
3 1543 1544 1545
3 18 1546 19
3 1547 1548 1549
3 1550 1551 1552
3 1553 1554 1555
3 1556 1557 1558
3 1559 1560 1561
3 1562 1563 1564
3 39 1565 40
3 1566 1567 1568
3 1569 1570 1571
3 1572 1573 1574
3 51 1575 52
3 54 1576 55
3 57 1577 58
3 1578 1579 1580
3 1581 1582 1583
3 72 1584 73
3 1585 1586 1587
3 78 1588 79
3 81 1589 82
3 84 1590 85
3 87 1591 88
3 90 1592 91
3 93 1593 94
3 96 1594 97
3 99 1595 100
3 102 1596 103
3 105 1597 106
3 108 1598 109
3 111 1599 112
3 114 1600 115
3 117 1601 118
3 120 1602 121
3 123 1603 124
3 132 1604 133
3 1605 1606 1607
3 138 1608 139
3 141 1609 142
3 144 1610 145
3 147 1611 148
3 156 1612 157
3 1613 1614 1615
3 1616 1617 1618
3 165 1619 166
3 168 1620 169
3 171 1621 172
3 1622 1623 1624
3 177 1625 178
3 180 1626 181
3 183 1627 184
3 186 1628 187
3 1629 1630 1631
3 192 1632 193
3 195 1633 196
3 1634 1635 1636
3 201 1637 202
3 204 1638 205
3 1639 1640 1641
3 1642 1643 1644
3 213 1645 214
3 1646 1647 1648
3 1649 1650 1651
3 1652 1653 1654
3 1655 1656 1657
3 234 1658 235
3 237 1659 238
3 1660 1661 1662
3 1663 1664 1665
3 1666 1667 1668
3 255 1669 256
3 258 1670 259
3 261 1671 262
3 264 1672 265
3 267 1673 268
3 270 1674 271
3 273 1675 274
3 276 1676 277
3 279 1677 280
3 1678 1679 1680
3 285 1681 286
3 288 1682 289
3 1683 1684 1685
3 1686 1687 1688
3 1689 1690 1691
3 300 1692 301
3 303 1693 304
3 306 1694 307
3 309 1695 310
3 318 1696 319
3 1697 1698 1699
3 324 1700 325
3 327 1701 328
3 330 1702 331
3 333 1703 334
3 1704 1705 1706
3 345 1707 346
3 1708 1709 1710
3 1711 1712 1713
3 354 1714 355
3 1715 1716 1717
3 1718 1719 1720
3 1721 1722 1723
3 366 1724 367
3 369 1725 370
3 372 1726 373
3 1727 1728 1729
3 378 1730 379
3 1731 1732 1733
3 1734 1735 1736
3 387 1737 388
3 1738 1739 1740
3 393 1741 394
3 396 1742 397
3 399 1743 400
3 402 1744 403
3 411 1745 412
3 414 1746 415
3 417 1747 418
3 420 1748 421
3 423 1749 424
3 426 1750 427
3 1751 1752 1753
3 432 1754 433
3 1755 1756 1757
3 438 1758 439
3 441 1759 442
3 444 1760 445
3 447 1761 448
3 1762 1763 1764
3 453 1765 454
3 456 1766 457
3 1767 1768 1769
3 462 1770 463
3 465 1771 466
3 468 1772 469
3 471 1773 472
3 480 1774 481
3 1775 1776 1777
3 486 1778 487
3 1779 1780 1781
3 492 1782 493
3 495 1783 496
3 504 1784 505
3 507 1785 508
3 510 1786 511
3 513 1787 514
3 516 1788 517
3 519 1789 520
3 522 1790 523
3 525 1791 526
3 1792 1793 1794
3 531 1795 532
3 1796 1797 1798
3 537 1799 538
3 540 1800 541
3 543 1801 544
3 546 1802 547
3 1803 1804 1805
3 552 1806 553
3 1807 1808 1809
3 558 1810 559
3 561 1811 562
3 570 1812 571
3 1813 1814 1815
3 576 1816 577
3 579 1817 580
3 582 1818 583
3 1819 1820 1821
3 1822 1823 1824
3 597 1825 598
3 600 1826 601
3 1827 1828 1829
3 1830 1831 1832
3 1833 1834 1835
3 1836 1837 1838
3 1839 1840 1841
3 618 1842 619
3 621 1843 622
3 624 1844 625
3 627 1845 628
3 630 1846 631
3 633 1847 634
3 636 1848 637
3 639 1849 640
3 642 1850 643
3 645 1851 646
3 648 1852 649
3 651 1853 652
3 654 1854 655
3 663 1855 664
3 666 1856 667
3 669 1857 670
3 672 1858 673
3 675 1859 676
3 678 1860 679
3 687 1861 688
3 690 1862 691
3 693 1863 694
3 1864 1865 1866
3 1867 1868 1869
3 702 1870 703
3 1871 1872 1873
3 1874 1875 1876
3 711 1877 712
3 1878 1879 1880
3 717 1881 718
3 1882 1883 1884
3 723 1885 724
3 726 1886 727
3 729 1887 730
3 1888 1889 1890
3 1891 1892 1893
3 738 1894 739
3 1895 1896 1897
3 744 1898 745
3 747 1899 748
3 756 1900 757
3 759 1901 760
3 1902 1903 1904
3 1905 1906 1907
3 768 1908 769
3 771 1909 772
3 780 1910 781
3 783 1911 784
3 786 1912 787
3 789 1913 790
3 792 1914 793
3 795 1915 796
3 798 1916 799
3 801 1917 802
3 804 1918 805
3 1919 1920 1921
3 810 1922 811
3 813 1923 814
3 816 1924 817
3 1925 1926 1927
3 1928 1929 1930
3 825 1931 826
3 1932 1933 1934
3 1935 1936 1937
3 834 1938 835
3 1939 1940 1941
3 840 1942 841
3 849 1943 850
3 852 1944 853
3 855 1945 856
3 858 1946 859
3 861 1947 862
3 864 1948 865
3 1949 1950 1951
3 876 1952 877
3 879 1953 880
3 882 1954 883
3 885 1955 886
3 888 1956 889
3 1957 1958 1959
3 1960 1961 1962
3 897 1963 898
3 1964 1965 1966
3 903 1967 904
3 906 1968 907
3 1969 1970 1971
3 912 1972 913
3 915 1973 916
3 918 1974 919
3 921 1975 922
3 924 1976 925
3 927 1977 928
3 930 1978 931
3 933 1979 934
3 942 1980 943
3 945 1981 946
3 948 1982 949
3 1983 1984 1985
3 954 1986 955
3 957 1987 958
3 963 1988 964
3 966 1989 967
3 1990 1991 1992
3 972 1993 973
3 975 1994 976
3 978 1995 979
3 981 1996 982
3 984 1997 985
3 987 1998 988
3 1999 2000 2001
3 2002 2003 2004
3 2005 2006 2007
3 999 2008 1000
3 1002 2009 1003
3 1008 2010 1009
3 2011 2012 2013
3 1014 2014 1015
3 2015 2016 2017
3 1020 2018 1021
3 1023 2019 1024
3 1032 2020 1033
3 1035 2021 1036
3 2022 2023 2024
3 2025 2026 2027
3 2028 2029 2030
3 1047 2031 1048
3 2032 2033 2034
3 1053 2035 1054
3 2036 2037 2038
3 1059 2039 1060
3 1062 2040 1063
3 1065 2041 1066
3 1068 2042 1069
3 2043 2044 2045
3 2046 2047 2048
3 1077 2049 1078
3 1080 2050 1081
3 1083 2051 1084
3 1086 2052 1087
3 1089 2053 1090
3 1092 2054 1093
3 1101 2055 1102
3 1104 2056 1105
3 1107 2057 1108
3 1110 2058 1111
3 1113 2059 1114
3 1116 2060 1117
3 1125 2061 1126
3 1128 2062 1129
3 1131 2063 1132
3 2064 2065 2066
3 1137 2067 1138
3 1140 2068 1141
3 1143 2069 1144
3 1146 2070 1147
3 1149 2071 1150
3 1152 2072 1153
3 1155 2073 1156
3 2074 2075 2076
3 1161 2077 1162
3 2078 2079 2080
3 2081 2082 2083
3 2084 2085 2086
3 1173 2087 1174
3 1176 2088 1177
3 1179 2089 1180
3 1182 2090 1183
3 1185 2091 1186
3 1194 2092 1195
3 1197 2093 1198
3 1200 2094 1201
3 1203 2095 1204
3 2096 2097 2098
3 2099 2100 2101
3 2102 2103 2104
3 1221 2105 1222
3 1224 2106 1225
3 2107 2108 2109
3 2110 2111 2112
3 1233 2113 1234
3 1236 2114 1237
3 2115 2116 2117
3 1242 2118 1243
3 2119 2120 2121
3 1248 2122 1249
3 1251 2123 1252
3 1254 2124 1255
3 2125 2126 2127
3 2128 2129 2130
3 1263 2131 1264
3 1266 2132 1267
3 1269 2133 1270
3 1272 2134 1273
3 2135 2136 2137
3 1278 2138 1279
3 1287 2139 1288
3 1290 2140 1291
3 1293 2141 1294
3 1296 2142 1297
3 1299 2143 1300
3 1302 2144 1303
3 1311 2145 1312
3 1314 2146 1315
3 1317 2147 1318
3 1320 2148 1321
3 2149 2150 2151
3 1326 2152 1327
3 1329 2153 1330
3 1332 2154 1333
3 1335 2155 1336
3 2156 2157 2158
3 1341 2159 1342
3 2160 2161 2162
3 1347 2163 1348
3 2164 2165 2166
3 1353 2167 1354
3 1356 2168 1357
3 1359 2169 1360
3 1362 2170 1363
3 1365 2171 1366
3 2172 2173 2174
3 1371 2175 1372
3 1380 2176 1381
3 1383 2177 1384
3 1386 2178 1387
3 1389 2179 1390
3 2180 2181 2182
3 1395 2183 1396
3 1404 2184 1405
3 1407 2185 1408
3 2186 2187 2188
3 1413 2189 1414
3 2190 2191 2192
3 1419 2193 1420
3 2194 2195 2196
3 2197 2198 2199
3 1428 2200 1429
3 2201 2202 2203
3 1434 2204 1435
3 2205 2206 2207
3 1440 2208 1441
3 1443 2209 1444
3 1446 2210 1447
3 2211 2212 2213
3 1452 2214 1453
3 1455 2215 1456
3 1458 2216 1459
3 1461 2217 1462
3 1470 2218 1471
3 1473 2219 1474
3 1476 2220 1477
3 1479 2221 1480
3 2222 2223 2224
3 1485 2225 1486
3 2226 2227 2228
3 1497 2229 1498
3 1500 2230 1501
3 1503 2231 1504
3 2232 2233 2234
3 1509 2235 1510
3 1512 2236 1513
3 1515 2237 1516
3 1518 2238 1519
3 2239 2240 2241
3 1524 2242 1525
3 1527 2243 1528
3 1530 2244 1531
3 2245 2246 2247