3 451 452 6
3 2461 2165 2166
3 2461 2166 2164
3 2461 2164 4
3 4 2164 1282
3 2454 2018 1920
3 2454 1920 1917
3 2454 1917 2
3 2461 4 0
3 2454 1282 2018
3 2454 3 1
3 3 2454 2
3 2454 4 1282
3 2454 0 4
3 5 2349 1585
3 1208 2164 2349
3 1208 2349 6
3 756 7 755
3 755 7 1497
3 97 1500 91
3 91 1501 92
3 1502 1499 106
3 221 224 2111
3 221 1902 8
3 8 1898 1542
3 1542 1898 2058
3 582 583 581
3 1885 1701 2427
3 2427 1701 2320
3 2320 1657 2321
3 170 72 73
3 170 55 133
3 10 15 1577
3 1380 1576 2457
3 2457 1576 147
3 147 1576 48
3 954 48 956
3 49 955 932
3 43 932 2304
3 2304 11 940
3 42 939 44
3 2265 1411 2455
3 1667 2224 1666
3 1696 942 1553
3 1553 947 13
3 52 953 53
3 16 1577 55
3 55 1577 15
3 14 16 56
3 14 56 19
3 596 2407 1100
3 1985 1794 1795
3 1985 1795 1530
3 1531 1533 1532
3 18 1481 1095
3 1482 1095 1481
3 1481 18 1099
3 1511 2064 2063
3 1507 20 1509
3 281 282 1112
3 281 1112 1110
3 21 1110 1107
3 22 1775 2051
3 308 1014 1013
3 1322 2272 1010
3 1321 1009 1320
3 1177 1008 1593
3 25 924 1605
3 1995 1996 2026
3 2026 1996 1994
3 1604 2393 1025
3 1842 1025 50
3 1023 2332 1744
3 1025 1842 1843
3 2025 1843 1603
3 923 25 1535
3 923 1535 2046
3 1854 1417 1261
3 1258 1263 2087
3 2340 2087 1264
3 36 1265 135
3 40 28 41
3 39 150 30
3 30 150 149
3 30 149 29
3 2413 144 45
3 31 45 32
3 1192 1666 1184
3 1185 1698 1187
3 2455 1665 31
3 2455 31 32
3 30 38 39
3 30 29 38
3 38 29 31
3 31 29 45
3 45 29 2413
3 2413 29 149
3 31 1665 34
3 31 34 33
3 33 38 31
3 33 34 2362
3 33 2362 2361
3 39 2361 40
3 1194 1183 1201
3 1201 1196 2340
3 2087 921 1258
3 153 2258 135
3 135 2258 36
3 2340 36 1201
3 1264 36 2340
3 153 37 2258
3 153 28 37
3 37 28 40
3 1201 36 1194
3 40 41 39
3 39 38 33
3 33 2361 39
3 1411 1665 2455
3 2265 44 939
3 43 2304 46
3 43 46 49
3 954 47 48
3 932 43 49
3 47 954 49
3 44 2265 2455
3 44 2455 32
3 44 32 2302
3 2302 32 45
3 45 144 145
3 46 2304 2305
3 46 145 2142
3 46 2142 146
3 47 146 147
3 147 48 47
3 2305 145 46
3 46 146 47
3 49 46 47
3 50 1024 1849
3 1849 1023 1744
3 1850 1849 1744
3 1849 320 50
3 53 931 52
3 953 52 54
3 1511 1510 54
3 54 1510 934
3 52 1511 54
3 19 1769 931
3 931 1769 52
3 52 1769 2064
3 15 133 55
3 16 55 73
3 16 73 56
3 67 66 17
3 17 66 2407
3 1634 2490 60
3 64 2308 2080
3 64 2080 1088
3 58 1980 61
3 61 1980 2327
3 61 2327 2326
3 1980 62 2327
3 2327 63 60
3 1101 63 64
3 1101 64 1088
3 2327 62 63
3 63 62 64
3 2365 61 2366
3 163 2365 2061
3 61 2326 2366
3 19 70 1769
3 19 56 70
3 2490 1634 57
3 1634 2407 57
3 1100 68 59
3 68 1634 1633
3 1100 1634 68
3 2407 1634 1100
3 17 69 67
3 67 69 70
3 1769 70 69
3 67 65 66
3 9 65 72
3 72 65 70
3 73 72 70
3 71 65 9
3 65 67 70
3 70 56 73
3 73 55 170
3 78 556 1753
3 1613 1614 1757
3 1758 548 2084
3 337 332 1446
3 1447 340 341
3 328 1226 1910
3 1910 1226 1240
3 74 1800 75
3 76 1803 1804
3 1248 1804 77
3 1397 77 1360
3 2348 1353 2347
3 2347 1349 1754
3 78 1161 79
3 1158 1157 80
3 560 81 561
3 561 81 1169
3 874 2109 1166
3 1686 881 1168
3 876 1796 1967
3 1967 2022 1971
3 1971 2022 1972
3 1972 2022 1970
3 1973 1970 1352
3 2360 1356 2181
3 1126 2094 1152
3 1152 2094 2093
3 1153 1801 1125
3 1147 2287 1148
3 1148 1828 231
3 228 532 232
3 232 532 230
3 652 1727 2395
3 194 2500 82
3 87 106 227
3 87 227 83
3 86 83 2297
3 86 2297 84
3 86 84 85
3 92 87 85
3 92 1502 87
3 86 85 87
3 87 83 86
3 1845 88 2024
3 532 2024 230
3 2297 105 89
3 90 89 1845
3 1846 1845 2024
3 530 89 531
3 531 89 90
3 2297 530 84
3 2297 89 530
3 84 530 101
3 85 84 100
3 85 100 99
3 85 99 98
3 91 98 759
3 91 759 97
3 91 92 98
3 92 85 98
3 101 93 585
3 96 325 324
3 324 325 1987
3 323 1817 96
3 1817 345 620
3 620 345 2441
3 619 2441 621
3 997 1984 608
3 607 1984 606
3 606 996 705
3 705 996 624
3 624 1765 1764
3 624 1764 706
3 706 1764 94
3 95 1766 1001
3 2469 772 1001
3 1001 772 95
3 1777 2051 1775
3 95 1781 1766
3 758 99 578
3 98 99 758
3 758 759 98
3 100 101 585
3 585 93 104
3 102 620 586
3 104 102 586
3 103 102 104
3 103 104 93
3 103 96 102
3 104 586 585
3 84 101 100
3 83 105 2297
3 105 2424 89
3 2172 763 2174
3 2174 763 2173
3 2217 762 768
3 1549 766 2205
3 1232 764 765
3 1979 566 1269
3 1435 208 1495
3 2318 1888 2335
3 1441 2170 2082
3 2471 1214 1913
3 1913 1214 1914
3 1222 1211 1537
3 2030 1537 2437
3 2035 2036 1590
3 2389 111 1618
3 1618 1617 461
3 501 462 112
3 113 112 2150
3 113 2150 2329
3 1681 1865 1742
3 1663 1741 1662
3 1637 2337 1635
3 1635 2337 2456
3 2412 2053 1477
3 1988 2449 2325
3 2008 114 2489
3 2050 1658 2127
3 2127 1680 2372
3 2275 115 1215
3 1705 1216 2129
3 1705 2129 2128
3 1341 544 1221
3 118 1860 545
3 2155 2170 2169
3 219 218 2059
3 2059 218 117
3 117 217 213
3 117 1872 2153
3 2083 2153 166
3 1284 186 1342
3 1342 186 1343
3 2476 184 181
3 2476 181 182
3 173 179 177
3 2449 127 1477
3 1635 2456 2053
3 2183 2412 1477
3 2412 1635 2053
3 119 2501 1335
3 157 1156 121
3 123 124 2473
3 1335 178 2473
3 123 2473 122
3 123 126 157
3 123 157 121
3 124 123 121
3 2473 178 122
3 178 125 122
3 123 122 126
3 126 120 157
3 125 1642 122
3 122 1642 126
3 127 1334 2183
3 2183 1334 130
3 2311 1782 124
3 1124 1155 128
3 129 158 360
3 363 362 1225
3 141 1225 1655
3 2134 2135 2195
3 2388 2195 2442
3 158 2442 362
3 1477 127 2183
3 1989 119 127
3 2190 2141 1818
3 1815 162 131
3 1338 1339 1816
3 1816 1339 2475
3 132 133 15
3 138 141 1655
3 134 1405 1998
3 36 1264 1265
3 136 135 1266
3 136 1266 137
3 135 1265 1266
3 135 136 153
3 28 2096 41
3 1998 2096 137
3 148 2458 152
3 148 152 142
3 142 152 139
3 148 142 2306
3 143 2306 2457
3 138 2306 2307
3 138 2307 140
3 361 140 139
3 139 140 2307
3 142 2307 2306
3 2307 142 139
3 140 141 138
3 151 2306 143
3 144 2142 145
3 147 2142 143
3 147 143 2457
3 2142 147 146
3 151 148 2306
3 151 143 149
3 149 143 2142
3 149 2142 2413
3 148 151 149
3 148 149 2458
3 2458 149 150
3 2458 150 2459
3 2458 2459 152
3 139 152 1405
3 1998 2459 2096
3 39 41 150
3 150 41 2459
3 2459 1405 152
3 2459 41 2096
3 153 2096 28
3 1380 1814 1577
3 1577 1814 10
3 155 132 15
3 155 15 10
3 120 154 157
3 1429 155 2136
3 2133 10 1814
3 2133 1814 1655
3 10 2136 155
3 1428 156 2194
3 2194 156 2134
3 154 2380 157
3 157 2380 1156
3 1156 2380 1332
3 158 2388 2442
3 158 129 2388
3 2194 159 154
3 154 159 2380
3 2014 1336 1715
3 183 161 2416
3 183 2416 2460
3 1786 2460 2141
3 162 1815 1818
3 162 1818 2460
3 2460 1818 2141
3 162 2460 2416
3 162 2416 161
3 2474 1715 1336
3 1339 1337 1640
3 2406 164 2262
3 180 1640 1337
3 180 1337 2015
3 2262 164 2261
3 1640 180 164
3 2262 163 2406
3 163 2262 2365
3 2365 2262 61
3 1670 165 167
3 1671 1871 1870
3 215 214 1873
3 215 1873 1872
3 168 166 118
3 58 2007 2006
3 58 1139 2007
3 133 169 170
3 1964 170 169
3 170 1964 72
3 72 1964 9
3 155 1429 172
3 171 2475 1640
3 171 1640 164
3 155 172 132
3 172 160 133
3 133 132 172
3 1429 191 172
3 171 191 2475
3 171 172 191
3 2049 176 173
3 173 1788 174
3 1788 176 175
3 175 176 2127
3 2127 176 2049
3 173 176 1788
3 1335 2501 177
3 1335 177 178
3 177 179 178
3 173 174 179
3 178 179 527
3 178 527 125
3 127 2449 1988
3 127 1988 1989
3 2355 2167 187
3 187 1871 188
3 188 1871 2014
3 2014 1871 1671
3 2014 1671 2015
3 2015 1671 180
3 181 2263 182
3 2126 1787 1661
3 1661 175 2126
3 1787 2126 182
3 2355 185 186
3 1343 186 184
3 187 185 2355
3 161 184 189
3 189 184 185
3 185 184 186
3 184 161 183
3 185 187 189
3 2438 1589 0
3 0 1589 2461
3 2165 2461 1590
3 1 2437 0
3 88 2023 2024
3 1235 190 1643
3 1643 190 1429
3 156 1428 2136
3 2136 1428 1429
3 1235 1816 190
3 190 1816 2475
3 190 2475 191
3 1429 190 191
3 193 236 851
3 652 2395 2482
3 226 2429 225
3 224 220 196
3 1541 2058 197
3 2248 1256 108
3 207 1784 201
3 2058 1541 1542
3 207 201 199
3 199 201 2172
3 207 199 208
3 2248 1374 1256
3 200 1256 1374
3 201 202 2172
3 203 205 769
3 769 205 566
3 566 1979 765
3 1784 204 201
3 201 204 202
3 202 204 205
3 206 205 204
3 205 203 202
3 206 566 205
3 1784 207 1435
3 1435 207 208
3 1639 198 210
3 583 209 2058
3 209 583 582
3 209 582 210
3 210 1638 1639
3 2427 2320 211
3 212 216 219
3 212 211 216
3 211 2320 2256
3 214 2257 167
3 213 215 1872
3 213 1872 117
3 218 216 117
3 216 217 117
3 211 2256 217
3 216 211 217
3 216 218 219
3 219 116 1430
3 1638 210 582
3 220 222 684
3 685 684 686
3 224 222 220
3 196 220 684
3 224 221 222
3 686 222 1542
3 1542 222 223
3 686 684 222
3 222 221 223
3 223 221 8
3 224 678 225
3 225 2198 226
3 224 225 2429
3 226 1469 106
3 106 1469 227
3 1469 195 227
3 195 82 227
3 2482 2395 194
3 2432 238 240
3 2432 240 229
3 229 240 233
3 1145 233 1149
3 238 534 228
3 229 233 1145
3 238 232 2130
3 233 240 239
3 192 239 237
3 239 192 1143
3 239 235 233
3 239 1143 234
3 239 234 235
3 235 234 1149
3 235 1149 233
3 239 240 236
3 236 193 237
3 236 237 239
3 240 238 2130
3 228 232 238
3 230 651 232
3 231 241 2432
3 241 534 2432
3 2432 534 238
3 242 265 1716
3 242 1716 807
3 807 1716 806
3 806 1716 258
3 806 258 808
3 2067 2071 1295
3 1295 243 1297
3 699 697 1304
3 1556 244 1286
3 2422 2218 2354
3 567 964 2280
3 2465 967 1514
3 787 975 960
3 248 959 966
3 966 973 963
3 966 963 2420
3 2491 1868 1607
3 2125 1607 692
3 1773 1835 694
3 270 251 252
3 252 259 1693
3 818 827 1822
3 1823 830 831
3 1544 801 821
3 437 253 1826
3 669 891 254
3 642 892 255
3 1926 630 864
3 1926 864 1927
3 1924 885 637
3 641 2344 1573
3 1573 2344 256
3 259 252 251
3 259 251 260
3 266 261 1566
3 266 1566 1565
3 2487 258 257
3 257 258 264
3 1565 257 264
3 2487 808 258
3 266 265 1720
3 266 1720 263
3 261 260 262
3 688 261 262
3 260 261 263
3 263 261 266
3 265 264 1716
3 264 265 266
3 1565 264 266
3 258 1716 264
3 260 251 271
3 260 271 268
3 689 268 269
3 690 267 691
3 250 249 267
3 273 267 271
3 271 267 268
3 268 690 269
3 260 268 262
3 250 267 273
3 250 273 272
3 251 270 273
3 273 270 272
3 273 271 251
3 772 2469 311
3 772 311 279
3 279 311 277
3 311 2469 310
3 1004 274 2196
3 311 278 277
3 309 307 278
3 278 307 275
3 296 1955 295
3 306 1190 276
3 276 1190 1191
3 293 1069 1507
3 1695 2060 1191
3 1191 2060 276
3 276 2060 1069
3 276 1069 293
3 294 1508 286
3 300 297 1947
3 300 1947 292
3 1946 297 290
3 289 288 280
3 281 21 280
3 289 280 21
3 281 1110 21
3 281 280 282
3 2238 282 287
3 283 284 2239
3 2239 291 283
3 283 291 305
3 284 285 1506
3 285 286 1508
3 293 1507 1508
3 285 1508 1506
3 285 283 296
3 289 290 291
3 289 291 288
3 288 291 2239
3 2239 284 287
3 282 288 287
3 288 282 280
3 2238 287 284
3 2239 287 288
3 289 1142 290
3 1946 290 1142
3 291 290 305
3 277 292 279
3 292 1947 279
3 294 293 1508
3 294 286 295
3 295 286 296
3 296 283 298
3 298 283 305
3 305 290 297
3 305 297 300
3 303 301 300
3 303 300 299
3 277 299 292
3 305 300 301
3 299 300 292
3 302 303 299
3 275 304 277
3 302 299 277
3 302 277 304
3 305 301 298
3 285 296 286
3 276 293 306
3 293 294 306
3 306 294 295
3 309 274 307
3 274 308 307
3 307 308 1013
3 307 2158 275
3 1322 1010 1009
3 1322 2156 2272
3 310 309 278
3 309 310 312
3 274 309 312
3 278 311 310
3 310 2469 312
3 2469 1002 312
3 2196 274 312
3 989 1983 1984
3 989 2468 998
3 2056 344 2493
3 2402 1534 1448
3 1748 2054 2212
3 2054 770 1743
3 1743 770 1853
3 1490 1848 1793
3 1488 2137 2411
3 1981 1136 315
3 316 1134 1130
3 318 1966 317
3 319 50 320
3 319 320 317
3 1130 321 316
3 321 1130 318
3 321 318 320
3 320 318 317
3 1851 1491 321
3 2279 1488 315
3 315 1488 1981
3 1981 1488 2411
3 320 1851 321
3 321 1491 1489
3 982 987 323
3 988 987 998
3 2056 322 324
3 324 322 982
3 324 982 323
3 536 325 103
3 103 325 96
3 1987 2056 324
3 543 326 540
3 540 2369 1253
3 537 2369 2488
3 344 854 2493
3 2493 326 343
3 1651 539 542
3 1055 327 1237
3 1140 1237 1243
3 2481 1140 331
3 1065 1061 1060
3 1751 338 2319
3 2319 338 1641
3 1606 2319 329
3 330 2120 1061
3 331 330 1061
3 2120 339 1061
3 1140 330 331
3 333 330 328
3 1065 331 1061
3 341 340 333
3 333 340 2120
3 2120 340 332
3 332 337 336
3 332 336 2346
3 330 333 2120
3 341 333 328
3 2120 332 2346
3 2120 2346 339
3 339 2346 336
3 1751 334 338
3 549 335 2084
3 1309 335 338
3 1309 338 337
3 337 338 336
3 334 336 338
3 854 326 2493
3 343 326 342
3 1652 342 539
3 1817 323 1660
3 621 2441 1861
3 1861 2441 345
3 405 351 352
3 405 352 350
3 716 350 349
3 397 1368 346
3 426 800 425
3 347 354 348
3 350 352 349
3 349 353 397
3 1369 352 1370
3 1370 351 427
3 427 348 354
3 348 427 355
3 1048 1683 1050
3 1478 1974 1479
3 1479 1974 1977
3 360 158 2019
3 1862 2191 2357
3 2192 363 140
3 140 361 2192
3 702 724 703
3 734 735 739
3 750 2192 361
3 2019 158 362
3 363 2192 2193
3 2193 2357 362
3 362 363 2193
3 364 365 708
3 368 365 379
3 708 365 368
3 427 351 379
3 2099 377 374
3 711 1907 2421
3 2421 2328 712
3 712 372 1867
3 367 1962 2426
3 710 368 2492
3 710 709 368
3 367 368 379
3 367 369 1962
3 370 380 371
3 370 371 388
3 1567 1571 1568
3 1568 1539 1942
3 1942 1539 2066
3 1273 416 417
3 1821 2448 411
3 388 482 483
3 2178 483 506
3 2328 372 712
3 370 388 483
3 370 2179 2236
3 2236 2179 2180
3 377 2177 2175
3 380 370 2313
3 2180 1104 2236
3 1104 2180 366
3 369 1104 366
3 366 2180 373
3 374 1908 376
3 1908 378 2098
3 2098 378 375
3 374 2254 1908
3 1908 2115 378
3 2328 2421 1906
3 378 1907 375
3 375 1907 711
3 2041 1104 369
3 2041 2313 1104
3 379 2041 367
3 380 2041 421
3 421 2041 379
3 2313 2041 380
3 380 421 371
3 371 421 2152
3 383 420 2496
3 383 2496 382
3 2367 2496 2379
3 2379 381 379
3 383 1538 420
3 420 1538 385
3 384 1539 1568
3 420 385 386
3 420 386 387
3 387 386 2352
3 387 2352 393
3 393 2352 391
3 393 391 388
3 393 388 2152
3 371 2152 388
3 392 391 2352
3 392 2352 2159
3 2159 2352 389
3 2160 389 385
3 385 389 386
3 389 2352 386
3 482 388 391
3 482 391 390
3 390 391 392
3 392 2159 1572
3 390 392 1572
3 418 419 415
3 415 401 402
3 1273 417 1824
3 1824 417 410
3 410 400 412
3 397 346 395
3 413 2409 732
3 413 732 726
3 413 726 811
3 811 726 805
3 242 725 1717
3 242 805 727
3 395 346 396
3 414 2409 413
3 2409 414 396
3 397 716 349
3 350 716 409
3 720 417 398
3 398 417 402
3 394 412 399
3 399 412 400
3 408 403 401
3 401 398 402
3 719 720 403
3 398 401 403
3 403 720 398
3 405 350 404
3 406 351 405
3 406 405 407
3 407 405 404
3 408 407 404
3 403 408 404
3 406 407 408
3 404 350 409
3 404 409 403
3 403 409 719
3 396 717 395
3 716 397 717
3 2448 410 411
3 1824 410 2448
3 410 412 411
3 411 412 814
3 814 412 394
3 814 394 718
3 814 718 414
3 396 414 718
3 351 418 2367
3 2367 418 382
3 1538 415 402
3 416 402 417
3 402 416 1538
3 1538 383 415
3 418 415 382
3 382 415 383
3 418 406 419
3 406 408 419
3 415 419 401
3 379 2367 2379
3 351 2367 379
3 381 2379 2151
3 387 2151 420
3 2379 2496 420
3 427 379 365
3 365 364 422
3 422 364 1684
3 1047 1684 1048
3 422 423 427
3 423 1047 1049
3 1684 1047 422
3 422 427 365
3 427 423 355
3 423 1049 424
3 424 1049 1044
3 1043 347 424
3 348 424 347
3 425 1045 426
3 2363 1367 354
3 354 1367 427
3 354 347 2363
3 2363 347 425
3 1318 1319 1317
3 1317 1319 2052
3 1176 2052 1177
3 1176 1200 1954
3 1957 1204 1954
3 1954 1204 1203
3 304 428 302
3 495 645 660
3 1711 1708 434
3 525 514 431
3 431 1707 1890
3 432 431 430
3 430 431 514
3 1707 431 432
3 434 1708 433
3 1707 434 433
3 433 1890 1707
3 1543 1546 515
3 1543 515 516
3 516 518 520
3 520 518 521
3 519 522 1545
3 1545 524 523
3 801 523 435
3 435 523 1944
3 894 432 1546
3 1704 894 436
3 436 894 1546
3 833 1704 436
3 436 1579 833
3 432 253 1707
3 1707 253 437
3 1711 437 1709
3 437 1826 1709
3 438 1451 1474
3 6 440 1208
3 654 444 659
3 526 444 447
3 526 447 2486
3 475 477 478
3 476 478 450
3 476 450 474
3 474 450 1584
3 2089 449 441
3 2089 441 438
3 441 449 443
3 1384 443 442
3 443 1384 441
3 654 447 444
3 654 442 443
3 654 443 447
3 447 449 478
3 446 450 445
3 2486 447 478
3 2486 478 477
3 443 449 447
3 449 448 445
3 449 2089 448
3 449 450 478
3 449 445 450
3 1583 1584 446
3 452 455 440
3 6 452 440
3 446 445 451
3 451 2088 452
3 454 2423 453
3 1474 439 453
3 453 439 457
3 1476 456 439
3 452 454 455
3 456 455 454
3 457 454 453
3 440 455 1209
3 1209 455 456
3 457 456 454
3 456 457 439
3 446 2349 5
3 429 444 526
3 495 2401 494
3 1836 493 468
3 459 501 499
3 499 501 509
3 460 472 2187
3 2187 472 2430
3 464 466 463
3 465 463 471
3 465 464 463
3 465 471 460
3 464 853 466
3 1615 464 461
3 498 466 462
3 463 466 498
3 462 501 459
3 462 459 498
3 1840 467 917
3 471 917 479
3 912 469 915
3 477 526 2486
3 463 917 471
3 479 469 474
3 471 472 460
3 2430 473 1582
3 473 2430 472
3 472 479 474
3 472 474 473
3 473 474 1584
3 476 469 912
3 475 2400 477
3 475 912 2400
3 476 912 475
3 478 476 475
3 1840 463 498
3 526 470 660
3 660 470 495
3 643 1839 644
3 1836 497 2447
3 2447 491 480
3 480 492 1813
3 1813 492 2220
3 481 482 390
3 2452 485 486
3 484 486 485
3 485 483 481
3 484 485 481
3 2235 487 490
3 487 502 490
3 489 488 2220
3 484 488 486
3 486 488 489
3 489 490 486
3 486 490 505
3 2220 2235 489
3 489 2235 490
3 2220 492 2235
3 1840 498 459
3 492 491 496
3 492 480 491
3 467 1840 468
3 468 497 1836
3 494 645 495
3 645 1839 643
3 494 1839 645
3 494 458 1839
3 459 510 496
3 459 496 1840
3 1840 496 497
3 497 496 491
3 510 459 503
3 503 459 499
3 509 500 507
3 500 509 501
3 2375 501 112
3 509 507 503
3 487 503 502
3 509 503 499
3 500 2254 507
3 507 2175 508
3 504 508 506
3 2452 506 483
3 483 485 2452
3 504 502 507
3 507 502 503
3 502 504 505
3 2175 507 377
3 508 504 507
3 487 510 503
3 1839 1708 644
3 1708 1838 433
3 433 2116 1892
3 433 1892 1890
3 431 1890 525
3 2314 1410 511
3 1569 1410 2417
3 2417 1410 1570
3 1570 513 481
3 488 481 513
3 511 1410 1569
3 1410 2384 1570
3 513 2384 512
3 2220 512 1813
3 488 513 2220
3 2220 513 512
3 2384 513 1570
3 514 525 517
3 514 517 2462
3 516 515 2462
3 516 2462 518
3 515 514 2462
3 430 515 1546
3 1546 432 430
3 515 430 514
3 525 1893 517
3 517 518 2462
3 1893 1894 517
3 517 1894 518
3 521 518 1894
3 521 2314 520
3 520 2314 519
3 519 2314 522
3 524 1545 522
3 2314 511 522
3 522 511 1944
3 524 1944 523
3 1944 524 522
3 1894 1893 1810
3 1890 1891 525
3 2118 125 527
3 1513 1235 2118
3 527 528 2118
3 531 1831 529
3 530 531 529
3 1846 532 533
3 533 532 534
3 534 532 228
3 1828 2386 533
3 1251 1253 537
3 531 2386 1831
3 529 1831 535
3 2317 2095 93
3 93 2095 103
3 2203 537 2488
3 2203 325 536
3 535 537 2203
3 2095 2203 536
3 529 535 2095
3 2203 2095 535
3 1831 1251 535
3 1251 537 535
3 1831 1254 1251
3 538 327 541
3 543 539 342
3 342 326 543
3 538 1252 1250
3 539 543 541
3 1252 538 543
3 538 541 543
3 542 539 541
3 542 541 327
3 1252 540 1253
3 540 1252 543
3 531 90 2386
3 1220 544 2128
3 930 1342 1221
3 1221 547 1236
3 1236 2103 1221
3 1221 2103 930
3 2129 1217 546
3 110 1217 1219
3 1220 546 547
3 1220 2129 546
3 1778 1779 1766
3 1864 2079 1379
3 1128 1137 2463
3 2463 1138 554
3 553 2484 549
3 553 549 548
3 336 334 339
3 339 334 2324
3 2450 2484 1641
3 2484 2450 549
3 549 2084 548
3 553 550 555
3 1128 2463 1276
3 1276 552 551
3 552 1276 2463
3 548 550 553
3 552 554 555
3 2484 553 554
3 552 2463 554
3 555 554 553
3 548 1757 550
3 550 1757 1614
3 550 1614 2012
3 555 2012 1594
3 2012 1614 2260
3 2266 1752 556
3 2241 1418 2323
3 1305 1306 557
3 557 1306 2464
3 910 557 563
3 2342 564 911
3 907 558 859
3 861 560 561
3 861 561 559
3 860 559 1164
3 561 1164 559
3 2110 860 1164
3 558 562 1157
3 1157 562 80
3 562 563 80
3 1158 563 2464
3 563 1158 80
3 562 564 563
3 910 563 564
3 558 907 562
3 562 907 564
3 911 564 907
3 2011 1594 1419
3 2012 2260 1594
3 1425 1232 1978
3 1978 1979 1229
3 1229 1979 1269
3 565 204 1053
3 565 1271 206
3 565 206 204
3 1271 1272 206
3 566 1272 1269
3 1272 566 206
3 577 2280 570
3 569 568 1514
3 2465 1514 568
3 967 2465 570
3 967 570 965
3 965 570 2280
3 577 567 2280
3 245 974 1514
3 569 2097 568
3 2097 2241 2323
3 2323 1305 2097
3 2097 1305 568
3 575 2341 1882
3 574 1882 571
3 574 571 1291
3 798 1291 1277
3 1278 1277 1290
3 1287 1290 1557
3 2422 1287 2333
3 1278 2353 572
3 798 576 574
3 575 1882 574
3 1291 798 574
3 1141 964 576
3 576 964 567
3 576 567 575
3 575 567 577
3 577 570 2341
3 577 2341 575
3 568 1305 908
3 2465 908 570
3 568 908 2465
3 908 1305 557
3 2097 569 974
3 974 569 1514
3 578 2345 1608
3 1609 578 1610
3 588 2184 754
3 753 616 1205
3 1939 1085 1086
3 1939 1086 1094
3 1939 1094 1936
3 1936 1094 1073
3 1936 1073 1077
3 1937 1077 1078
3 584 1082 2444
3 2444 1082 1081
3 2444 1081 2286
3 2006 1656 1965
3 582 581 1703
3 1895 583 1898
3 2058 1898 583
3 581 583 1895
3 581 1895 580
3 580 1895 1702
3 584 1895 1841
3 1841 1895 1896
3 1702 1895 584
3 2006 1965 2285
3 585 2345 99
3 100 585 99
3 99 2345 578
3 586 2345 585
3 1611 589 587
3 1611 587 588
3 588 587 2184
3 1441 1442 1271
3 2000 591 547
3 1271 1442 2104
3 109 590 1442
3 1860 2103 109
3 590 1236 1268
3 1268 1236 591
3 2216 592 1105
3 1105 626 623
3 1105 623 1780
3 603 1108 1118
3 1118 1111 593
3 593 2005 594
3 593 594 1482
3 600 1874 598
3 599 600 598
3 1770 2185 599
3 1770 599 597
3 597 599 598
3 2185 596 599
3 599 596 600
3 593 604 601
3 603 602 625
3 611 1986 622
3 1794 1985 602
3 593 601 603
3 603 601 602
3 1118 593 603
3 604 593 1482
3 1108 603 605
3 707 2255 622
3 707 622 610
3 997 608 618
3 1984 607 608
3 2182 607 610
3 2392 613 609
3 610 2364 609
3 610 622 2364
3 611 622 612
3 611 612 605
3 589 619 587
3 587 614 2184
3 1986 1985 615
3 615 1985 1530
3 1085 1205 1531
3 614 615 2184
3 1205 616 1530
3 616 615 1530
3 615 616 2184
3 614 587 613
3 614 613 2392
3 615 2392 2364
3 615 2364 1986
3 615 614 2392
3 587 619 617
3 587 617 613
3 2182 608 607
3 621 618 617
3 2440 2441 619
3 2440 619 589
3 621 617 619
3 2470 612 1106
3 607 707 610
3 624 706 704
3 1106 623 626
3 1779 623 94
3 94 623 706
3 706 623 1106
3 2470 1106 2244
3 920 2359 27
3 2466 1903 627
3 627 1904 773
3 773 1904 2044
3 2044 1599 774
3 1600 2278 796
3 796 2278 797
3 976 1976 629
3 255 889 642
3 642 889 630
3 642 630 665
3 665 1844 666
3 666 1844 636
3 1382 634 1959
3 1961 633 1730
3 1730 633 631
3 632 1313 1730
3 1730 1313 1728
3 632 1730 631
3 641 632 631
3 632 641 1573
3 641 631 633
3 634 633 1959
3 1959 633 1961
3 633 639 635
3 635 641 633
3 639 633 634
3 2344 641 635
3 2344 635 637
3 637 1928 1924
3 673 638 672
3 636 672 640
3 1923 636 1844
3 673 634 638
3 672 638 640
3 634 673 639
3 639 673 1928
3 634 653 638
3 640 638 653
3 640 653 648
3 642 254 892
3 642 2189 2188
3 254 2188 669
3 1712 664 1710
3 1710 664 643
3 657 662 661
3 661 2189 647
3 647 2189 646
3 647 646 648
3 648 653 647
3 1961 1731 2091
3 649 2091 2090
3 1472 2245 1550
3 1550 2246 652
3 1550 652 2482
3 1727 1726 230
3 230 1726 651
3 1725 1454 1750
3 1750 2090 845
3 634 1383 653
3 655 1384 442
3 655 442 654
3 654 659 656
3 647 656 657
3 655 647 653
3 656 647 655
3 656 655 654
3 647 657 661
3 662 658 429
3 429 526 660
3 429 658 444
3 444 658 659
3 659 658 657
3 657 658 662
3 662 429 660
3 657 656 659
3 645 643 664
3 660 664 667
3 660 667 662
3 664 660 645
3 663 2188 661
3 667 663 662
3 662 663 661
3 664 1712 667
3 667 1713 668
3 667 668 663
3 646 666 640
3 646 640 648
3 640 666 636
3 665 2189 642
3 2189 666 646
3 2189 661 2188
3 667 1712 1713
3 663 669 2188
3 669 663 668
3 642 2188 254
3 891 669 668
3 891 668 855
3 668 1713 671
3 671 1713 2296
3 2296 1713 1714
3 2296 1714 896
3 896 895 2296
3 855 671 670
3 2296 670 671
3 671 855 668
3 630 1926 1844
3 1844 1926 1923
3 672 636 1923
3 682 674 681
3 1863 675 2163
3 677 2149 1863
3 1863 2149 2309
3 2310 2147 2146
3 683 2146 1467
3 196 678 224
3 679 1991 1992
3 683 684 685
3 683 685 682
3 2310 682 681
3 674 686 1541
3 681 675 1863
3 679 1992 680
3 970 2218 2219
3 692 2399 687
3 692 687 1835
3 687 701 700
3 2207 700 697
3 2070 2069 2072
3 2072 2069 2071
3 690 2072 269
3 688 1566 261
3 688 262 268
3 688 268 689
3 2070 691 695
3 2070 695 698
3 698 695 694
3 697 698 2207
3 691 2072 690
3 2072 691 2070
3 700 1835 687
3 1835 700 694
3 1773 694 695
3 691 693 695
3 1773 695 693
3 693 249 1773
3 249 693 267
3 693 691 267
3 687 970 701
3 701 2219 696
3 696 1286 244
3 696 244 701
3 701 697 700
3 1304 697 701
3 1304 701 244
3 697 243 698
3 243 2070 698
3 697 699 243
3 1297 243 699
3 2070 243 2068
3 2068 243 1295
3 696 2219 1286
3 1535 1376 2046
3 390 1570 481
3 2138 2315 357
3 357 2315 1977
3 730 2315 739
3 2138 702 2315
3 724 1785 1862
3 1785 724 702
3 739 2315 702
3 702 703 734
3 702 734 739
3 624 704 705
3 2255 707 1106
3 606 705 707
3 707 607 606
3 707 704 706
3 705 704 707
3 707 706 1106
3 715 714 713
3 713 709 710
3 713 708 709
3 709 708 368
3 1512 710 2242
3 1512 2242 2098
3 2098 2242 376
3 713 1512 375
3 711 712 1685
3 1685 712 1867
3 710 1512 713
3 375 715 713
3 396 718 717
3 718 394 717
3 717 394 716
3 716 399 409
3 409 399 719
3 394 399 716
3 719 399 400
3 719 400 720
3 720 400 417
3 410 417 400
3 1403 1875 1760
3 1402 1761 749
3 1856 745 2433
3 1856 2433 1855
3 1855 2433 750
3 361 139 750
3 750 2433 2445
3 2445 2433 745
3 744 745 749
3 252 1693 270
3 748 272 270
3 725 722 2377
3 725 2377 1717
3 746 1693 723
3 723 1694 2040
3 2040 1694 742
3 724 741 703
3 735 734 1689
3 735 1689 738
3 738 1689 1690
3 726 727 805
3 725 242 1691
3 2499 728 1732
3 729 1478 1732
3 737 1691 727
3 2434 1732 730
3 2434 730 731
3 730 739 736
3 731 737 2227
3 1691 737 1690
3 736 731 730
3 732 2227 727
3 726 732 727
3 731 2227 2498
3 731 2498 2434
3 727 2227 737
3 2409 2227 732
3 2409 733 2312
3 739 735 736
3 738 736 735
3 737 731 738
3 737 738 1690
3 738 731 736
3 703 740 734
3 734 740 1689
3 741 2040 742
3 746 723 2040
3 746 2040 744
3 744 2040 743
3 744 743 745
3 743 2445 745
3 1862 2445 743
3 1693 259 2277
3 744 749 746
3 746 1761 747
3 1122 721 1876
3 272 1889 250
3 1889 1774 250
3 1876 721 748
3 1876 748 270
3 1876 270 747
3 746 747 1693
3 1693 747 270
3 745 1856 749
3 756 1609 1611
3 1504 753 1206
3 616 753 754
3 753 1504 752
3 753 752 754
3 1609 756 751
3 751 756 755
3 97 755 1497
3 2390 752 756
3 758 757 759
3 757 758 578
3 1609 757 578
3 751 757 1609
3 757 751 759
3 755 759 751
3 755 97 759
3 246 247 760
3 761 760 794
3 761 794 1631
3 1631 794 795
3 2011 2483 1594
3 1594 2483 2322
3 2322 2483 1632
3 763 762 2173
3 763 769 768
3 765 769 566
3 2217 768 767
3 769 765 768
3 768 765 764
3 764 107 767
3 767 107 1407
3 1408 1407 766
3 1475 766 1407
3 1475 2205 766
3 764 767 768
3 764 1232 107
3 1407 107 2290
3 1375 1408 1371
3 2217 767 1375
3 1375 767 1407
3 763 203 769
3 202 203 2172
3 203 763 2172
3 1793 771 1790
3 1790 771 2208
3 770 2208 1853
3 1853 2208 771
3 1853 771 1852
3 1852 771 1848
3 1793 1848 771
3 772 279 22
3 279 1947 22
3 2092 2144 1483
3 2092 1483 2186
3 2123 2124 2491
3 2125 2491 1607
3 777 2491 2124
3 1868 2491 2284
3 2284 2491 777
3 778 777 2186
3 2186 777 2124
3 784 776 1653
3 779 774 793
3 779 793 1654
3 1600 792 774
3 774 792 793
3 1599 1600 774
3 2044 774 779
3 2044 779 780
3 2358 1903 2466
3 2466 1653 776
3 2358 2466 775
3 773 1653 627
3 627 1653 2466
3 777 778 776
3 778 2186 775
3 775 776 778
3 2466 776 775
3 773 2044 780
3 966 2420 248
3 248 782 960
3 960 782 781
3 780 1653 773
3 248 783 782
3 783 1654 781
3 781 782 783
3 776 784 785
3 785 784 248
3 783 248 784
3 785 2419 776
3 2419 785 2420
3 1654 793 781
3 781 790 786
3 794 760 247
3 786 247 787
3 786 787 781
3 786 791 247
3 781 787 960
3 975 787 247
3 789 792 788
3 796 788 1600
3 1600 788 792
3 790 789 791
3 786 790 791
3 794 247 791
3 793 792 790
3 781 793 790
3 795 794 788
3 1645 797 1480
3 796 797 1645
3 1480 797 1864
3 789 794 791
3 789 788 794
3 795 788 1645
3 788 796 1645
3 834 1485 1484
3 576 798 573
3 1277 573 798
3 1368 799 2221
3 799 1367 2363
3 800 2363 425
3 800 799 2363
3 825 2162 821
3 823 801 435
3 822 435 1940
3 817 816 2467
3 2467 816 824
3 824 815 2074
3 803 816 817
3 803 817 802
3 802 817 818
3 1822 827 830
3 1822 830 1823
3 815 816 2487
3 2487 802 808
3 816 803 2487
3 2487 803 802
3 807 806 809
3 805 807 809
3 804 806 808
3 242 807 805
3 812 802 818
3 811 805 809
3 809 806 813
3 806 804 810
3 810 813 806
3 810 804 812
3 804 808 812
3 812 808 802
3 809 814 811
3 414 811 814
3 411 814 813
3 814 809 813
3 815 824 816
3 817 2467 827
3 818 817 827
3 830 827 829
3 829 826 822
3 435 822 823
3 823 826 821
3 2162 825 1300
3 820 1558 1288
3 821 801 823
3 1300 828 1303
3 2467 824 828
3 1303 828 824
3 825 821 826
3 825 828 1300
3 829 2467 825
3 2467 829 827
3 829 825 826
3 825 2467 828
3 830 822 1940
3 830 829 822
3 435 1945 1940
3 1942 831 1943
3 1940 831 830
3 831 1940 1943
3 832 840 2017
3 2017 840 839
3 833 834 1484
3 1704 833 1484
3 1288 834 838
3 1288 838 820
3 820 838 841
3 820 841 835
3 835 841 1562
3 836 819 2162
3 836 837 819
3 819 837 1562
3 838 834 833
3 840 819 841
3 841 819 1562
3 842 839 841
3 839 840 841
3 821 840 832
3 1212 1214 1213
3 1212 1213 1223
3 1211 2325 2251
3 114 1679 2489
3 849 1314 848
3 237 844 192
3 1314 849 1728
3 1314 1728 1313
3 1313 632 1312
3 1749 847 850
3 846 1749 850
3 850 847 849
3 1728 849 847
3 851 850 193
3 193 850 849
3 193 848 237
3 848 193 849
3 1749 846 651
3 846 850 851
3 846 851 2130
3 1729 1728 847
3 1729 847 845
3 1621 1866 852
3 1615 2329 853
3 462 466 2150
3 2150 466 853
3 1664 12 2226
3 1664 2226 2222
3 1664 2222 1667
3 540 326 854
3 540 854 2369
3 344 2488 854
3 897 571 904
3 907 859 1877
3 855 670 2210
3 855 2210 865
3 1233 2291 2292
3 560 861 858
3 558 858 1274
3 558 1274 859
3 859 1274 1877
3 858 558 560
3 1274 858 857
3 857 858 861
3 1233 861 867
3 861 559 867
3 857 861 2292
3 2292 861 1233
3 862 871 868
3 863 2003 889
3 889 2003 864
3 889 255 868
3 868 255 866
3 868 866 862
3 862 866 890
3 862 890 856
3 862 856 1234
3 864 630 889
3 888 2431 875
3 869 882 2494
3 2494 868 869
3 869 868 871
3 875 872 888
3 871 872 870
3 871 882 869
3 871 862 872
3 888 872 862
3 870 882 871
3 863 887 2003
3 2003 2382 873
3 1927 873 1924
3 2494 882 863
3 864 873 1927
3 870 874 1166
3 874 870 875
3 884 883 1847
3 885 886 637
3 887 1847 878
3 2381 878 886
3 886 877 2343
3 637 2343 2344
3 2343 637 886
3 876 879 1847
3 1847 879 878
3 887 878 2381
3 880 1967 1968
3 880 1968 256
3 876 1967 879
3 879 877 878
3 886 878 877
3 1967 880 879
3 879 880 877
3 877 880 2343
3 1686 883 881
3 882 1166 883
3 1166 881 883
3 876 1847 1686
3 882 870 1166
3 863 884 887
3 863 882 884
3 883 884 882
3 884 1847 887
3 886 2382 2381
3 873 2382 1924
3 885 2382 886
3 2382 885 1924
3 872 875 870
3 888 867 559
3 888 559 2431
3 2431 559 2405
3 860 2405 559
3 255 892 866
3 890 866 892
3 892 891 890
3 865 891 855
3 856 890 891
3 891 892 254
3 903 896 1825
3 1825 893 899
3 432 894 253
3 894 2140 253
3 904 898 897
3 897 898 2271
3 1825 899 903
3 903 895 896
3 898 903 899
3 893 900 899
3 899 900 898
3 898 900 2271
3 902 2271 900
3 902 900 901
3 901 1486 902
3 905 903 904
3 903 898 904
3 906 905 904
3 905 906 1274
3 1274 906 1877
3 909 911 1877
3 908 2341 570
3 1882 909 1878
3 908 910 2341
3 2342 2341 564
3 564 2341 910
3 907 1877 911
3 470 2401 495
3 458 918 493
3 493 918 468
3 912 915 913
3 915 916 914
3 914 467 468
3 915 914 913
3 914 468 918
3 914 916 917
3 467 914 917
3 916 479 917
3 916 915 479
3 479 915 469
3 1840 917 463
3 919 918 458
3 919 458 494
3 494 2401 919
3 612 2255 1106
3 922 1672 926
3 1672 1678 23
3 1181 2214 1179
3 1179 2214 1178
3 1178 1173 1182
3 2145 2112 929
3 2145 929 927
3 2145 927 920
3 920 27 2145
3 2145 2144 1170
3 2415 1416 1854
3 2415 1854 1199
3 921 1195 1258
3 1258 1195 1854
3 927 929 1677
3 928 1677 26
3 26 1677 1675
3 1672 922 1676
3 2289 928 26
3 2046 922 923
3 923 922 926
3 924 926 23
3 926 924 923
3 25 923 924
3 1366 1602 925
3 2046 1676 922
3 1676 26 1675
3 928 927 1677
3 184 2476 1343
3 118 1284 930
3 1284 1342 930
3 1860 118 930
3 2301 53 953
3 2301 953 937
3 14 931 2301
3 14 19 931
3 954 955 49
3 937 954 2301
3 53 2301 931
3 933 51 944
3 944 51 943
3 2304 932 935
3 11 2304 935
3 932 936 935
3 935 936 54
3 935 54 934
3 54 937 953
3 51 938 935
3 935 934 51
3 940 11 938
3 940 938 941
3 940 941 42
3 941 939 42
3 938 933 941
3 941 933 939
3 939 933 950
3 2265 950 948
3 1883 945 952
3 1884 952 2453
3 2453 1698 1185
3 942 952 945
3 942 947 1553
3 13 948 949
3 13 949 1070
3 944 950 933
3 944 943 1070
3 942 945 947
3 1883 947 945
3 947 946 13
3 13 946 948
3 949 948 950
3 947 1883 946
3 1070 949 944
3 944 949 950
3 942 951 952
3 954 937 955
3 932 955 936
3 936 955 937
3 14 1578 16
3 2301 954 956
3 50 958 1024
3 1025 958 50
3 960 959 248
3 246 961 247
3 961 975 247
3 960 975 245
3 962 960 245
3 967 962 1514
3 1514 962 245
3 960 962 959
3 963 2280 964
3 967 966 962
3 962 966 959
3 967 973 966
3 968 972 971
3 968 971 2374
3 2374 969 2398
3 2354 969 2353
3 969 2354 2398
3 2399 970 687
3 970 2398 2354
3 970 2354 2218
3 2420 972 968
3 1868 2350 2398
3 2420 963 972
3 2374 971 969
3 973 967 965
3 245 975 961
3 245 961 974
3 1976 976 628
3 977 2121 978
3 1858 1806 2403
3 2402 2403 979
3 2402 979 314
3 1763 1807 1493
3 983 313 986
3 980 987 982
3 981 984 985
3 980 322 984
3 984 983 986
3 985 984 322
3 322 980 982
3 983 984 1487
3 2243 1487 981
3 1487 984 981
3 313 1323 986
3 313 1056 1323
3 2042 999 980
3 988 323 987
3 987 999 998
3 1983 989 992
3 991 992 990
3 990 999 2042
3 990 2042 991
3 990 992 989
3 1323 994 2042
3 314 994 1323
3 314 1323 1056
3 994 314 995
3 994 995 991
3 992 991 993
3 992 993 996
3 996 2485 624
3 996 1983 992
3 996 606 1983
3 1983 606 1984
3 2468 1861 1660
3 998 2468 988
3 621 1861 2468
3 621 2468 997
3 997 2468 1984
3 989 1984 2468
3 621 997 618
3 995 993 991
3 996 993 1763
3 994 991 2042
3 989 998 990
3 990 998 999
3 979 1000 995
3 979 995 314
3 1018 1014 977
3 1004 308 274
3 977 1004 2121
3 1492 1003 2196
3 1492 2196 1002
3 1768 1002 1001
3 1002 2469 1001
3 1014 1004 977
3 1004 2196 1005
3 1004 1005 2121
3 1003 1005 2196
3 1017 1019 1029
3 1016 1029 1037
3 1016 1037 1012
3 2404 1030 2394
3 2394 1035 1011
3 1011 1035 2028
3 1011 2028 1006
3 1006 2027 1010
3 1008 1031 1593
3 1007 1320 1008
3 1013 1016 1012
3 2272 1381 1006
3 2158 1013 2157
3 1014 1015 1013
3 1013 1015 1016
3 1012 2404 1381
3 1029 1016 1015
3 1017 1015 1014
3 1017 1029 1015
3 308 1004 1014
3 2037 978 2383
3 1449 1858 2497
3 2383 1858 1449
3 978 1018 977
3 1014 1018 1017
3 1042 1041 1037
3 1037 1041 1028
3 1025 1021 958
3 1027 1023 1022
3 958 1022 1024
3 1024 1022 1023
3 2393 1020 1021
3 1021 1020 1028
3 1026 1021 1028
3 2393 1021 1025
3 958 1021 1026
3 958 1026 1022
3 1026 1041 1027
3 1027 1040 2332
3 2332 1023 1027
3 1027 1022 1026
3 1037 1029 1042
3 1042 1029 1019
3 2404 1037 1028
3 2404 1028 1030
3 1012 1037 2404
3 1035 2393 1994
3 1036 1591 1827
3 1591 1592 1032
3 1008 1320 1009
3 1996 1032 1033
3 2028 2027 1006
3 1010 2027 2443
3 1010 2443 1009
3 1996 1034 1994
3 1996 1033 1034
3 1994 1034 2028
3 1994 2028 1035
3 2028 1034 1033
3 2332 1039 2213
3 1038 1039 957
3 957 1039 1040
3 1039 2332 1040
3 1042 1040 1041
3 1028 1041 1026
3 957 1040 1019
3 1040 1042 1019
3 1040 1027 1041
3 1019 1017 1018
3 1019 1018 957
3 957 1018 2037
3 2037 1018 978
3 1950 1066 1951
3 1554 1068 2324
3 1043 2197 1051
3 426 1045 1735
3 426 1735 1738
3 426 1738 1739
3 1051 1045 1043
3 2197 1043 1044
3 1043 424 1044
3 1044 1049 1046
3 1048 1046 1047
3 1046 1048 1050
3 1046 1049 1047
3 1043 1045 347
3 347 1045 425
3 1046 1527 1044
3 1046 1050 1527
3 1044 1527 2197
3 2197 1527 356
3 1053 1052 565
3 1271 1052 1441
3 1052 1271 565
3 1440 1052 1053
3 1784 1053 204
3 491 2447 497
3 1398 1400 1054
3 1398 1054 1391
3 1054 1393 1391
3 1310 1311 1446
3 1309 1311 1759
3 1759 1311 1758
3 1758 1311 1393
3 2481 1055 1237
3 1055 2481 1650
3 1648 1058 1059
3 313 1534 1056
3 2402 314 1056
3 1056 1534 2402
3 1057 1650 1063
3 1058 2336 1059
3 1059 2478 2316
3 2316 2478 1386
3 1700 1386 1534
3 1063 331 1065
3 1060 339 2324
3 334 1751 2324
3 2324 1751 2253
3 339 1060 1061
3 1057 1063 1388
3 1387 1388 1064
3 1057 1387 1058
3 1064 1066 1950
3 1951 1066 1068
3 1388 1065 1067
3 1067 1065 1060
3 1067 1060 1068
3 1064 1067 1066
3 1068 1066 1067
3 1063 1065 1388
3 1060 2324 1068
3 2414 1071 20
3 20 1507 1069
3 1070 1071 13
3 1069 2060 20
3 20 2060 2414
3 1071 1070 943
3 20 943 51
3 1071 943 20
3 1531 1532 1085
3 1085 1532 1086
3 1077 1073 1075
3 1079 1089 1076
3 1072 2286 1081
3 2439 1083 1092
3 1092 1076 1089
3 1089 1075 2117
3 2117 1075 1073
3 1079 1075 1089
3 1074 1076 1092
3 1074 1092 1083
3 1965 2286 2285
3 2285 2308 1980
3 58 2006 1980
3 1980 2006 2285
3 1077 1084 1078
3 1084 2425 1934
3 1077 1075 1084
3 1075 1079 1084
3 1079 1080 2425
3 2425 1080 579
3 1841 579 1082
3 1081 1080 1074
3 579 1080 1082
3 1081 1082 1080
3 1072 1081 1083
3 1072 1083 2439
3 1079 1076 1074
3 1079 1074 1080
3 1081 1074 1083
3 1082 584 1841
3 1094 1086 1098
3 2117 1094 1091
3 1101 1087 1633
3 1101 1088 1102
3 1102 1088 1090
3 1090 1092 1089
3 1093 1092 1088
3 1093 2439 1092
3 1102 1090 1103
3 1091 1089 2117
3 1089 1091 1090
3 1090 1091 1103
3 1088 1092 1090
3 1088 2080 1093
3 1094 1098 1091
3 1103 1096 1087
3 1087 1096 68
3 1096 1905 68
3 595 59 594
3 594 59 1095
3 594 1095 1482
3 59 68 1095
3 1095 68 1905
3 1095 1905 18
3 18 1096 1097
3 1103 1091 1097
3 1098 1097 1091
3 1532 1098 1086
3 1099 18 1097
3 1099 1097 1098
3 1098 1532 1099
3 59 595 1100
3 595 596 1100
3 1102 1087 1101
3 1087 1102 1103
3 1087 68 1633
3 2313 2236 1104
3 592 2244 1105
3 1105 2244 626
3 626 2244 1106
3 2470 2244 1108
3 1117 1108 1109
3 1117 1109 1116
3 1110 1116 1107
3 21 1107 1776
3 1116 1109 1107
3 1118 1108 1117
3 1118 1117 1111
3 1111 1115 2005
3 1111 1117 1115
3 2004 1115 1113
3 1307 1112 282
3 1112 1114 1110
3 1116 1114 1113
3 1112 1113 1114
3 1116 1113 1115
3 1115 1117 1116
3 1116 1110 1114
3 721 1122 1889
3 1121 1122 1403
3 1119 1121 2038
3 2122 1412 2016
3 2016 1412 2240
3 2330 1835 1773
3 1772 1774 2396
3 1121 1119 1122
3 1122 1875 1403
3 1123 1637 1124
3 1124 1637 1155
3 1801 1802 1799
3 1802 1801 2093
3 1153 2093 1801
3 1804 1126 2181
3 1363 1345 1344
3 1363 1344 1348
3 1802 2093 2094
3 2273 1137 329
3 2319 1641 329
3 1136 329 1137
3 1981 329 1136
3 1127 1136 1137
3 1128 1127 1137
3 1127 1135 1136
3 1130 1134 1644
3 1129 1275 1644
3 1644 1133 1130
3 1133 1131 1132
3 1966 1132 1378
3 1966 1378 2101
3 1966 318 1130
3 1132 1130 1133
3 1133 1644 1275
3 1130 1132 1966
3 1644 1135 1127
3 1644 1127 1128
3 1644 1134 1135
3 316 1135 1134
3 315 1135 2279
3 316 2279 1135
3 315 1136 1135
3 1137 1138 2463
3 763 768 762
3 1585 2164 2166
3 2349 2164 1585
3 1243 1227 1140
3 1237 1140 2481
3 328 330 1227
3 1227 330 1140
3 1142 1775 1946
3 1946 1775 22
3 1775 1142 1776
3 1154 1574 2360
3 2181 1154 2360
3 1154 2181 1126
3 1574 1154 1151
3 1574 1151 1150
3 1144 1153 1149
3 1149 1153 1145
3 1820 1145 1125
3 1820 1125 1146
3 1820 1146 1819
3 1819 1146 1147
3 1819 1147 231
3 1143 1152 234
3 234 1152 1144
3 234 1144 1149
3 1143 192 844
3 1316 1150 844
3 1150 1151 844
3 844 1151 1143
3 1143 1151 1152
3 1144 2093 1153
3 1145 1153 1125
3 1152 1154 1126
3 1152 1151 1154
3 1152 2093 1144
3 1331 129 128
3 1155 1333 1331
3 1155 1331 128
3 129 1331 2388
3 2388 1331 1332
3 1789 1554 2253
3 2319 2253 1751
3 881 1166 1687
3 1687 1167 1796
3 1796 1167 1165
3 2464 1163 1158
3 1163 2464 79
3 1157 1158 1159
3 1159 1351 1157
3 1157 1351 1162
3 560 558 1157
3 1162 81 1157
3 1157 81 560
3 1158 1163 1159
3 1161 1160 79
3 78 1754 1161
3 1160 1161 1349
3 1349 1161 1754
3 1351 1163 1160
3 1163 79 1160
3 1162 1169 81
3 1163 1351 1159
3 1164 1169 1797
3 1164 1797 1165
3 1164 1165 2110
3 1165 1167 2110
3 1687 1166 1167
3 2022 2021 1970
3 1970 2021 1169
3 1169 2021 1797
3 1970 1169 1347
3 1162 1347 1169
3 1202 1173 1172
3 1171 2215 1174
3 2112 1170 1175
3 1170 2415 1175
3 2145 1170 2112
3 1170 1416 2415
3 1173 1171 1172
3 1172 1171 1174
3 1173 2215 1171
3 2215 1175 1174
3 1175 2415 1174
3 1182 1202 1200
3 1173 1202 1182
3 1178 1182 1180
3 1177 1319 1008
3 1008 1319 1859
3 1319 1177 2052
3 1176 1177 1180
3 1178 1180 1179
3 1180 1182 1176
3 1177 1593 1180
3 1180 1593 1179
3 1179 1593 1181
3 1182 1200 1176
3 2237 1198 1197
3 2237 1197 1196
3 2385 1183 1193
3 1184 1185 1187
3 1186 1187 1189
3 306 1912 1189
3 1189 1912 1186
3 2385 1187 1186
3 1184 1187 2385
3 1184 2385 1193
3 1189 1188 1190
3 1190 1188 1191
3 306 1189 1190
3 1189 1187 1188
3 1188 1699 1697
3 1191 1697 1695
3 1697 1191 1188
3 1666 1185 1184
3 1184 1193 1192
3 1668 35 37
3 40 2361 1668
3 37 40 1668
3 1194 1193 1183
3 35 1192 1194
3 921 1197 1195
3 1197 2087 1196
3 1197 921 2087
3 1201 2237 1196
3 1195 1197 1174
3 1197 1198 1174
3 1174 1198 1172
3 1195 1174 1199
3 1954 1200 1957
3 1202 1172 1198
3 1198 2237 1200
3 1200 2237 1957
3 1957 2237 1204
3 1203 1204 1183
3 1203 1183 2385
3 1203 2385 1186
3 1183 1204 2237
3 2237 1201 1183
3 1202 1198 1200
3 1203 1186 1912
3 2212 2054 2211
3 2211 1743 1744
3 1504 1206 2282
3 1504 2282 1503
3 2282 2446 2293
3 2293 2259 2282
3 2282 2259 7
3 2282 7 1503
3 1085 753 1205
3 1085 1939 1938
3 1085 1938 753
3 753 1938 1206
3 1447 1443 1444
3 1207 1445 75
3 1248 76 1804
3 1446 1394 1310
3 1394 1447 2331
3 1282 1208 1279
3 1279 1208 1281
3 1281 1208 440
3 1281 440 1209
3 2171 1476 2290
3 456 1210 1209
3 456 1476 1210
3 1578 1577 16
3 1537 1211 2251
3 114 2325 1222
3 1222 2325 1211
3 114 1222 1679
3 1222 2031 1679
3 1679 2031 1223
3 1214 2471 2373
3 1658 2050 1659
3 2127 1658 1680
3 2372 2373 115
3 1215 1218 2275
3 2275 1218 1216
3 1218 1219 1216
3 1215 1219 1218
3 2129 1220 2128
3 1220 547 544
3 544 547 1221
3 2129 1216 1219
3 2372 1680 2373
3 1215 1922 1219
3 2471 1215 115
3 1914 1214 1212
3 1213 843 1223
3 1223 843 1679
3 2245 1472 1725
3 1243 1242 1227
3 1226 328 1227
3 1124 128 1929
3 1929 128 358
3 358 128 359
3 360 359 128
3 360 128 129
3 1522 2391 1427
3 1269 1231 1229
3 1230 1231 1327
3 1229 1231 1978
3 1978 1231 1425
3 1232 1425 2171
3 2290 107 2171
3 2171 107 1232
3 1476 2171 2368
3 2391 1522 1210
3 1233 867 1234
3 889 868 2494
3 862 1234 888
3 547 591 1236
3 1327 1328 1228
3 1771 1624 1742
3 1239 1242 2472
3 1243 1237 1247
3 1243 1247 2472
3 1242 1240 1226
3 1242 1226 1227
3 74 1240 1798
3 1238 2287 1146
3 1147 1146 2287
3 1238 1798 1239
3 1798 1240 1239
3 1239 1240 1242
3 1125 1801 1146
3 1146 1801 1241
3 1798 1238 1241
3 1238 1146 1241
3 2472 1247 1244
3 327 538 1246
3 1254 1829 1250
3 1244 1246 1829
3 1829 1246 1250
3 1250 1246 538
3 2472 1244 1239
3 1239 1244 1245
3 1245 1238 1239
3 1244 1830 1245
3 1247 1246 1244
3 1249 1248 1396
3 1396 77 1397
3 1397 1360 1359
3 1359 2418 1390
3 77 1396 1248
3 1207 76 1248
3 1207 1248 1249
3 1254 1253 1251
3 1253 1254 1250
3 1250 1252 1253
3 210 198 197
3 198 1639 1256
3 1256 1639 1255
3 1256 1255 108
3 2248 108 208
3 1265 1267 1266
3 1266 2229 2230
3 2397 1267 2038
3 1257 1261 1415
3 1415 1261 1417
3 1854 1261 1260
3 1854 1260 1258
3 1258 1260 1263
3 2087 1263 1259
3 1260 1257 1263
3 1263 2057 1262
3 1259 1262 1264
3 1264 1262 1267
3 1259 1264 2087
3 1262 1259 1263
3 1257 2057 1263
3 2057 2038 1262
3 1267 2397 2229
3 1264 1267 1265
3 2356 1270 1268
3 2001 1217 110
3 2000 547 546
3 2356 1327 1269
3 1272 2356 1269
3 2356 1272 1271
3 590 1268 1270
3 1271 1270 2356
3 2104 590 1271
3 590 1270 1271
3 812 1821 810
3 1273 831 1942
3 1273 1942 2066
3 2066 416 1273
3 2295 1274 857
3 2295 857 2209
3 2295 2209 2210
3 857 2292 2209
3 1274 2295 895
3 1274 895 905
3 895 903 905
3 2210 670 2295
3 140 363 141
3 1480 1864 1275
3 1133 1275 1864
3 1128 1276 1129
3 1276 1630 1129
3 1278 1290 1287
3 573 1277 1278
3 573 1278 572
3 2353 1278 2422
3 2422 1278 1287
3 2231 1879 1448
3 1279 1281 1280
3 1209 1210 1280
3 1209 1280 1281
3 1279 2436 1282
3 1208 1282 2164
3 2018 1282 2436
3 1515 1283 2018
3 2018 1283 1920
3 197 198 1256
3 210 197 209
3 118 166 2355
3 1284 2355 186
3 1284 118 2355
3 2315 730 1977
3 1977 730 1479
3 2225 952 1884
3 952 2225 1883
3 1285 1411 946
3 946 1411 948
3 1285 946 1883
3 1486 1557 1289
3 1486 1289 902
3 902 1289 2271
3 1290 1277 1289
3 1289 1277 1291
3 1291 2271 1289
3 1290 1289 1557
3 1556 1298 244
3 1304 1298 1292
3 699 1292 1297
3 2074 1293 824
3 1293 2074 1294
3 1294 1295 1297
3 1295 1294 2067
3 1294 2074 2067
3 1301 837 1302
3 1302 837 836
3 1555 837 1296
3 1555 1296 1560
3 837 1301 1299
3 1299 1292 1298
3 1299 1301 1297
3 1299 1297 1292
3 1293 1294 1301
3 1294 1297 1301
3 837 1299 1296
3 1560 1298 1556
3 1560 1296 1298
3 1296 1299 1298
3 824 1293 1303
3 1303 1293 1302
3 1303 1302 1300
3 1300 1302 836
3 1301 1302 1293
3 1304 244 1298
3 1304 1292 699
3 1306 79 2464
3 79 1306 78
3 1306 1305 78
3 1305 2323 78
3 2085 2062 2063
3 2085 2063 597
3 2085 597 2086
3 2238 2062 282
3 2086 598 1874
3 1112 1874 1113
3 1874 1112 1307
3 1506 2062 2238
3 1464 1473 1308
3 1308 1462 1470
3 1470 1462 1463
3 1393 1311 1310
3 1311 1309 1446
3 1446 1309 337
3 1496 1899 1900
3 221 2111 1902
3 1900 1902 2143
3 1316 1315 1575
3 1575 1315 1312
3 1312 632 1573
3 1314 1315 1316
3 1314 1316 848
3 848 844 237
3 844 848 1316
3 1312 1315 1313
3 1313 1315 1314
3 1176 1317 2052
3 303 298 301
3 298 1318 296
3 296 1318 1956
3 1317 1956 1318
3 1319 298 303
3 298 1319 1318
3 1319 303 1859
3 1859 303 302
3 1320 428 1321
3 1322 1321 304
3 1321 428 304
3 1859 428 1007
3 1007 1008 1859
3 428 1859 302
3 1007 428 1320
3 275 2156 1322
3 1009 1321 1322
3 304 275 1322
3 1452 649 1722
3 1722 2334 1723
3 1723 2334 1453
3 1453 1993 650
3 1257 1415 1324
3 1325 2001 110
3 1329 1330 1517
3 1329 1517 1518
3 1228 1518 1520
3 1325 1330 2001
3 1326 2351 1328
3 1999 1327 2356
3 1327 1231 1269
3 1328 1327 1999
3 1328 1999 1326
3 2002 1330 1329
3 1330 2002 2001
3 1329 1518 1228
3 1228 1230 1327
3 1332 1331 1333
3 1332 1333 1156
3 2473 130 1334
3 1782 130 124
3 1334 119 1335
3 1334 1335 2473
3 2311 121 1333
3 1156 1333 121
3 131 1336 1338
3 1337 1338 1336
3 1336 131 2474
3 161 2474 162
3 162 2474 131
3 1339 1338 1337
3 1339 1640 2475
3 2128 544 2476
3 1216 1705 2126
3 2126 1705 1340
3 2126 1340 182
3 2476 544 1341
3 1342 1343 1341
3 1342 1341 1221
3 2476 182 1340
3 1343 2476 1341
3 1345 1346 1344
3 1352 1344 1346
3 1551 1471 1552
3 1552 1471 1463
3 1471 1551 194
3 194 1551 2482
3 1162 1351 1347
3 1970 1347 1352
3 1973 1352 1346
3 2347 1353 1349
3 1353 1362 1349
3 1349 1362 1350
3 1350 1160 1349
3 1160 1350 1348
3 1352 1347 1348
3 1347 1351 1348
3 1160 1348 1351
3 1344 1352 1348
3 2418 1354 1390
3 1390 1354 1362
3 1390 1362 1353
3 1353 2348 1390
3 1345 1363 1357
3 77 1804 1361
3 1355 1804 2181
3 1361 1355 1357
3 1357 1355 1356
3 1361 1804 1355
3 1356 1345 1357
3 1363 1358 1357
3 1357 1358 1361
3 1361 1360 77
3 1360 2418 1359
3 1358 1354 2418
3 1354 1358 1363
3 1350 1363 1348
3 1350 1362 1363
3 1362 1354 1363
3 1735 1737 1738
3 2133 156 2136
3 353 2477 1368
3 353 1368 397
3 346 1368 1739
3 799 1368 1367
3 1368 2221 1739
3 2477 353 1369
3 2477 1370 1367
3 427 1367 1370
3 1370 2477 1369
3 2217 1375 1409
3 1409 1375 1371
3 1409 1371 1373
3 1373 1580 1409
3 2248 2174 1372
3 679 1373 1991
3 1409 1580 1581
3 2248 1372 1374
3 200 1374 1586
3 1372 762 1581
3 762 1372 2173
3 1376 2076 2045
3 1376 1535 2078
3 2078 1535 1536
3 1377 2281 1378
3 1378 2281 2101
3 1378 1132 1131
3 1133 1864 1131
3 1131 1864 1379
3 1131 1379 1378
3 1235 1513 1818
3 2449 2251 2325
3 1750 1993 2090
3 1814 1380 2457
3 1814 2457 138
3 928 2289 1903
3 2394 1011 2404
3 1384 1958 441
3 1382 1959 1960
3 1383 1384 655
3 1383 655 653
3 1383 634 1382
3 1382 1384 1383
3 1389 1952 1949
3 2478 1949 1948
3 2478 1948 1385
3 2478 1385 2231
3 2478 2231 1386
3 1058 1387 2336
3 1387 1064 1062
3 1062 1064 1950
3 1387 1057 1388
3 2479 1952 1062
3 1062 1952 1389
3 1389 1949 2478
3 1399 1392 1396
3 1401 1359 1390
3 1401 1390 2348
3 1753 2347 1754
3 1397 1359 1399
3 1396 1397 1399
3 1399 1398 1391
3 1391 1392 1399
3 1391 1393 1392
3 1392 1393 1310
3 2331 1395 1394
3 1394 1395 1310
3 1310 1395 1392
3 1392 1395 1396
3 1755 1400 1401
3 1398 1401 1400
3 1399 1359 1398
3 1404 1402 749
3 2230 1402 1266
3 1404 1266 1402
3 1266 1404 137
3 1404 749 1406
3 1406 1856 134
3 1375 1407 1408
3 1549 1371 1408
3 766 1549 1408
3 1409 762 2217
3 1409 1581 762
3 1285 2226 12
3 1665 1411 1285
3 93 101 2317
3 1417 2298 1414
3 1413 1412 2122
3 1413 2122 2300
3 2300 2122 1324
3 2300 1324 1414
3 1414 1415 1417
3 1415 1414 1324
3 2298 1417 1416
3 1416 2144 2298
3 2376 1419 1418
3 1612 2266 2260
3 1594 2260 1419
3 677 2269 1982
3 1982 2269 1422
3 1982 1422 1420
3 1420 1421 2148
3 2148 1421 2146
3 1424 2202 1466
3 1467 2146 1424
3 1424 1465 2202
3 1420 1423 1421
3 2146 1421 1424
3 1465 1424 1421
3 1465 1421 1423
3 1465 1423 1459
3 1422 1459 1423
3 1423 1420 1422
3 1929 1930 1124
3 1124 1930 1123
3 1662 2338 1930
3 1930 2338 1123
3 1123 2338 2337
3 2338 1662 1624
3 1210 2368 2391
3 1426 1230 1427
3 1427 1230 1520
3 1520 1230 1228
3 1230 1426 1425
3 2391 2368 1425
3 1425 1231 1230
3 1426 1427 2391
3 1643 1429 1428
3 2250 2438 2437
3 1434 2108 1433
3 1433 2108 1430
3 1440 1053 1431
3 1437 1434 1438
3 2268 1436 1435
3 2268 1435 1495
3 2106 1434 2107
3 2107 1434 1437
3 2107 1437 1436
3 1436 1432 1435
3 1435 1432 1783
3 1432 1436 1437
3 1432 1431 1783
3 1439 1431 1438
3 1437 1438 1432
3 1432 1438 1431
3 1434 1433 1438
3 1438 1433 1439
3 1433 1430 1439
3 1441 1440 2170
3 2169 2170 1439
3 2169 1439 1430
3 1439 2170 1440
3 1440 1431 1439
3 1052 1440 1441
3 1442 1441 545
3 545 1441 2082
3 1436 2268 2107
3 332 340 1447
3 1447 341 1443
3 1443 1910 1445
3 1444 1443 1445
3 75 76 1207
3 75 1445 1911
3 332 1447 1446
3 1394 1446 1447
3 940 42 2305
3 2305 2303 145
3 145 2303 45
3 2497 1448 1747
3 2497 1747 1449
3 1449 1746 1450
3 1039 1038 1450
3 1039 1450 1746
3 1879 1747 1448
3 1452 1722 1721
3 1452 1721 1451
3 441 1958 438
3 438 1452 1451
3 1458 1454 1725
3 1457 1456 2270
3 1453 650 1587
3 1587 650 1458
3 2480 1455 2131
3 1472 1456 2480
3 1456 1457 2480
3 2480 1457 1455
3 1454 1458 650
3 2480 1458 1472
3 2480 2131 1458
3 1458 1725 1472
3 1460 1464 1465
3 1465 1459 1460
3 1460 1459 2495
3 1460 2495 1473
3 1473 2495 1456
3 1473 1462 1308
3 1473 1464 1460
3 2200 1468 2198
3 2198 225 2199
3 1465 1464 2202
3 2202 2201 1466
3 1424 1466 1467
3 1466 678 1467
3 1464 2201 2202
3 1468 2010 1469
3 2198 1468 1469
3 1468 2200 1470
3 1470 2201 1464
3 1308 1470 1464
3 2010 195 1469
3 194 195 1471
3 1463 1471 2010
3 195 2010 1471
3 1463 2010 1470
3 1470 2010 1468
3 1461 1224 1473
3 1473 1224 1462
3 1456 1472 1473
3 1461 1473 1472
3 2205 1588 2204
3 2204 1588 2132
3 1992 676 680
3 677 1457 2270
3 2270 2269 677
3 1475 439 1548
3 1548 439 1474
3 439 1475 1476
3 2290 1476 1475
3 2032 1477 2053
3 1732 1478 730
3 730 1478 1479
3 1481 604 1482
3 1917 1921 1915
3 1917 1915 1914
3 2092 2298 2144
3 2144 27 1483
3 1483 27 2359
3 2358 1483 2359
3 1486 1485 1288
3 1486 1288 1557
3 1485 834 1288
3 1848 1489 1491
3 2137 1488 1792
3 1792 1488 1490
3 1491 1851 1848
3 1494 1003 1492
3 1493 1494 1765
3 1493 1765 1763
3 2485 996 1763
3 1494 1493 1003
3 2268 1495 2318
3 1495 208 108
3 1495 108 2318
3 1500 1499 1501
3 106 1499 226
3 1497 1500 97
3 1497 1899 1496
3 1497 1496 1500
3 2429 226 1498
3 1498 226 1499
3 1500 1496 1499
3 1496 1498 1499
3 1502 1501 1499
3 92 1501 1502
3 1501 91 1500
3 2037 2383 1449
3 752 1504 7
3 1503 7 1504
3 528 527 179
3 1505 1511 2063
3 1505 1506 1508
3 1508 1507 1505
3 1505 1507 1509
3 934 1510 51
3 51 1510 1509
3 51 1509 20
3 1510 1511 1509
3 1225 2195 2135
3 2442 2195 362
3 1655 1225 2135
3 715 375 711
3 2421 712 711
3 1387 1389 2336
3 1059 2336 2478
3 1513 2190 1818
3 1522 1427 1519
3 1521 1519 1515
3 1515 1519 1516
3 1518 1517 1520
3 1517 1330 2378
3 2378 1916 1517
3 1517 1916 1516
3 1520 1517 1516
3 1520 1516 1519
3 1519 1427 1520
3 1280 1522 1521
3 2436 1279 1280
3 2436 1280 1521
3 1741 1663 1525
3 1525 1528 1523
3 1050 1683 1523
3 1523 1524 1526
3 1526 1524 1742
3 1523 1526 1525
3 1525 1526 1741
3 1527 1050 1528
3 1527 1528 356
3 1050 1523 1528
3 1003 1808 1005
3 1005 1808 2121
3 2112 1674 929
3 1531 1205 1530
3 1533 1099 1532
3 1531 1530 1533
3 259 1719 2277
3 2277 1719 2387
3 1719 2377 2387
3 2038 2057 1119
3 1119 2057 1120
3 1365 2281 1366
3 25 1366 1535
3 1535 1366 1536
3 2281 1365 2102
3 2101 2281 2102
3 2231 1534 1386
3 2231 1448 1534
3 674 682 685
3 1537 2030 1222
3 1223 2031 1212
3 1212 2031 1919
3 385 1539 2160
3 1540 1107 1109
3 1540 1109 592
3 1540 592 2216
3 1650 2481 1063
3 686 1542 1541
3 1547 1546 1543
3 2234 842 1579
3 1547 436 1546
3 1543 520 2232
3 2232 520 519
3 1543 516 520
3 2233 1545 1544
3 2233 1544 2017
3 2232 519 2233
3 2233 519 1545
3 801 1544 523
3 523 1544 1545
3 832 1544 821
3 2234 1579 1547
3 1780 623 1779
3 2369 537 1253
3 2407 66 57
3 1549 2204 1991
3 1371 1549 1991
3 2205 1475 1548
3 1224 1551 1462
3 1462 1551 1552
3 1462 1552 1463
3 1472 1550 1461
3 1461 1550 1224
3 1550 2482 1551
3 1551 1224 1550
3 1385 1949 1881
3 1554 2228 1951
3 1950 1951 2228
3 2031 2029 1919
3 1555 1562 837
3 1558 1560 1556
3 1558 1286 1559
3 1557 1559 1287
3 1557 1288 1559
3 1556 1286 1558
3 1288 1558 1559
3 1286 2333 1559
3 1559 2333 1287
3 1560 1558 1561
3 1560 1561 1555
3 1562 1555 1561
3 835 1561 820
3 1561 835 1562
3 1561 1558 820
3 2075 1563 2073
3 2073 269 2072
3 269 2073 1564
3 689 1564 1566
3 689 1566 688
3 1564 689 269
3 2073 1563 1564
3 1564 257 1566
3 1566 257 1565
3 2487 1563 815
3 1569 1941 511
3 1572 2417 390
3 1567 1941 1571
3 1571 1941 1569
3 1571 1569 1572
3 2417 1572 1569
3 1336 2015 1337
3 1575 1312 1573
3 1575 1573 1346
3 1574 1150 1316
3 1574 1316 1575
3 1575 2360 1574
3 1346 2360 1575
3 729 356 629
3 1576 956 48
3 1577 1578 1380
3 833 1579 838
3 838 1579 842
3 675 1581 2339
3 2339 1581 1580
3 1372 1581 1374
3 1586 1374 1581
3 2165 1590 1582
3 2430 1582 1590
3 1585 2166 5
3 2165 1582 2166
3 1583 5 2166
3 2166 1582 1583
3 473 1584 1583
3 446 5 1583
3 1582 473 1583
3 1541 200 1586
3 1541 1586 674
3 686 674 685
3 675 681 674
3 676 1992 2132
3 1455 1588 2131
3 1453 1587 1723
3 1455 2132 1588
3 2206 1588 2205
3 2132 1457 677
3 2132 677 676
3 1589 2035 1590
3 1589 1590 2461
3 2036 111 1590
3 1036 1592 1591
3 1031 1592 1593
3 1594 2322 555
3 2012 555 550
3 1597 1595 2077
3 1598 2077 2079
3 2043 1595 1597
3 2043 1597 2044
3 2076 1595 2045
3 2043 2044 1596
3 2045 2046 1376
3 1595 2043 2045
3 2267 1904 1903
3 1601 1597 1598
3 2044 1597 1599
3 1597 1601 1599
3 2025 2026 1604
3 24 1603 1605
3 2025 1604 1843
3 1603 925 1602
3 1603 1602 1605
3 25 1605 1602
3 24 2025 1603
3 2252 2319 1606
3 2411 2252 1981
3 1981 2252 1606
3 1981 1606 329
3 1608 2345 2440
3 1608 1610 578
3 1609 1610 1611
3 2440 1610 1608
3 2266 1612 1752
3 1752 1612 1688
3 1614 1612 2260
3 1612 1614 1688
3 1688 1614 1613
3 2036 1616 111
3 111 1616 1618
3 1617 1618 1616
3 1617 1628 461
3 461 1628 1615
3 1616 2033 1617
3 1617 2033 1629
3 1615 1627 852
3 853 464 1615
3 1771 1620 1624
3 1622 1624 1620
3 1622 1626 1623
3 1623 1626 2456
3 1620 1771 1621
3 1620 1621 1625
3 852 1625 1621
3 852 1866 2329
3 1621 1865 1866
3 852 1627 1625
3 1625 1627 1626
3 1625 1626 1620
3 1619 1626 1627
3 1622 1620 1626
3 1626 1619 2456
3 2456 1619 2053
3 1615 1628 1627
3 1630 551 1646
3 2322 1632 552
3 552 1632 551
3 1276 551 1630
3 761 2483 2011
3 2483 761 1631
3 1632 2483 1631
3 1632 1631 551
3 1101 1633 63
3 63 1633 60
3 1633 1634 60
3 130 1782 2183
3 1637 1635 1636
3 1155 1637 1636
3 1123 2337 1637
3 1638 582 1703
3 1638 1703 1887
3 1703 1885 1887
3 2273 554 1138
3 2484 2273 1641
3 1641 2273 329
3 554 2273 2484
3 1810 1811 2384
3 1428 154 126
3 2118 1642 125
3 1235 1642 2118
3 1642 1235 1643
3 1643 1428 126
3 1643 126 1642
3 1428 2194 154
3 126 154 120
3 1129 1644 1128
3 1645 1647 795
3 795 1647 1646
3 795 1646 1631
3 1631 1646 551
3 1647 1630 1646
3 2473 124 130
3 1648 1059 2316
3 343 1649 1648
3 1058 2119 1057
3 1651 542 1650
3 1650 542 1055
3 1055 542 327
3 539 1651 1652
3 1652 2119 1649
3 1057 2119 1651
3 1651 1650 1057
3 2119 1058 1648
3 2119 1648 1649
3 1628 1617 1619
3 1617 1629 1619
3 1628 1619 1627
3 1714 1706 896
3 780 784 1653
3 1654 783 780
3 780 783 784
3 1657 2444 1965
3 2321 1657 1965
3 2321 1965 1656
3 2444 1657 1701
3 2444 1701 584
3 1701 1702 584
3 1659 2489 1679
3 2489 1659 2048
3 1861 345 1660
3 1660 345 1817
3 424 348 355
3 424 355 423
3 1788 175 1661
3 1663 976 1525
3 1285 12 1665
3 12 1664 34
3 12 34 1665
3 1664 1667 1669
3 2362 1669 2361
3 1668 2361 1669
3 1666 1192 35
3 1666 35 1668
3 1667 1666 1668
3 1669 1667 1668
3 1664 1669 34
3 1870 2451 165
3 1870 165 1671
3 165 2451 167
3 1139 1670 167
3 1139 167 2007
3 1671 165 180
3 180 165 2261
3 2314 2410 1410
3 2213 2211 1744
3 2213 1744 2332
3 2013 2214 1181
3 1675 1678 1672
3 1036 1678 2013
3 1673 2214 2013
3 1675 1677 1674
3 1674 1677 929
3 1676 1675 1672
3 2013 1678 1673
3 1673 1678 1674
3 1674 1678 1675
3 1213 1658 843
3 1658 1659 843
3 1679 843 1659
3 1214 2373 1680
3 1680 1213 1214
3 1213 1680 1658
3 1524 1681 1742
3 1681 1524 1867
3 1867 1683 1685
3 1683 1867 1524
3 1048 1682 1683
3 1524 1523 1683
3 1685 1683 1682
3 1684 364 708
3 1684 708 713
3 1048 714 1682
3 714 1048 1684
3 714 715 1682
3 1682 715 1685
3 1685 715 711
3 1168 1796 876
3 1686 1168 876
3 1687 1168 881
3 556 1752 1753
3 2371 1752 1688
3 703 741 742
3 703 742 1692
3 703 1692 740
3 1689 740 722
3 1689 722 1690
3 1690 722 725
3 1690 725 1691
3 242 727 1691
3 1692 742 1694
3 1693 2277 1694
3 1693 1694 723
3 1187 1698 1699
3 1187 1699 1188
3 942 1696 1697
3 1697 1696 1695
3 942 1697 951
3 1697 1699 951
3 951 1699 1698
3 313 1700 1534
3 1700 313 983
3 1700 983 1487
3 580 1703 581
3 580 1702 1703
3 1701 1703 1702
3 1701 1885 1703
3 1701 1657 2320
3 1484 901 1704
3 1704 901 900
3 1704 900 893
3 1704 2140 894
3 1340 1705 2128
3 1340 2128 2476
3 437 1711 434
3 437 434 1707
3 1708 1711 644
3 644 1711 1710
3 644 1710 643
3 1712 1710 1709
3 1714 1712 1706
3 1709 1706 1712
3 1709 1710 1711
3 1712 1714 1713
3 189 187 188
3 189 188 161
3 188 1715 161
3 2207 694 700
3 1717 265 242
3 1718 1719 263
3 1719 1718 2377
3 2377 1718 1717
3 260 1719 259
3 1719 260 263
3 265 1717 1720
3 1720 1717 1718
3 1720 1718 263
3 1724 1721 1723
3 1723 1587 2206
3 1587 1588 2206
3 1723 1721 1722
3 1451 1721 1474
3 1721 1724 1548
3 1721 1548 1474
3 1724 1723 2206
3 1993 1750 1454
3 1454 650 1993
3 1725 1749 1726
3 1725 1726 2245
3 845 2090 1729
3 2091 1731 1729
3 1728 1729 1730
3 1730 1731 1961
3 1730 1729 1731
3 1734 729 1733
3 729 1732 1733
3 1733 1732 728
3 728 1740 1733
3 1733 1740 1735
3 1733 1735 1045
3 1045 1734 1733
3 1045 1051 1734
3 1735 1740 1737
3 1737 1740 1736
3 1736 346 1737
3 1739 1737 346
3 728 2499 2312
3 2312 733 1736
3 2312 1740 728
3 1740 2312 1736
3 1741 1742 1662
3 1742 1741 1526
3 2054 1743 2211
3 1744 1743 1850
3 1747 1745 1746
3 1746 1745 2212
3 1746 1449 1747
3 1748 2212 1745
3 1956 1317 1953
3 1954 1953 1176
3 1176 1953 1317
3 1750 847 1749
3 1750 1749 1725
3 2253 1554 2324
3 600 595 594
3 600 594 2005
3 596 595 600
3 1756 1753 2371
3 1756 2371 1755
3 2371 1753 1752
3 78 1753 1754
3 1756 1755 2348
3 2348 1755 1401
3 1401 1398 1359
3 1400 1755 2371
3 1400 2371 1688
3 1400 1688 1613
3 1757 1054 1613
3 1758 1393 1054
3 1400 1613 1054
3 1761 1760 747
3 1760 1761 1402
3 1761 746 749
3 1762 1779 94
3 1762 1492 1767
3 1767 1492 1002
3 1765 1494 1764
3 1762 1764 1492
3 1762 94 1764
3 1765 2485 1763
3 1779 1767 1766
3 1766 1768 1001
3 1779 1762 1767
3 1766 1767 1768
3 1768 1767 1002
3 603 625 605
3 625 611 605
3 969 572 2353
3 2065 1770 597
3 2065 597 2063
3 2065 69 1770
3 2065 2064 69
3 69 2064 1769
3 1506 1505 2062
3 2278 1600 1599
3 2278 1599 1601
3 1771 1865 1621
3 1865 1771 1742
3 2016 2240 2330
3 250 1774 249
3 2330 1773 1772
3 1775 1776 1777
3 1777 1776 1540
3 1540 1776 1107
3 2051 1777 1781
3 1781 1540 2216
3 1781 1778 1766
3 1778 1781 2216
3 1780 2216 1105
3 1778 1780 1779
3 1781 1777 1540
3 1778 2216 1780
3 1431 1053 1784
3 1431 1784 1783
3 1783 1784 1435
3 1786 2263 2264
3 183 2264 184
3 2263 181 2264
3 2264 181 184
3 1787 2141 1661
3 2141 1787 1786
3 1786 2264 2460
3 2460 2264 183
3 2228 1789 2137
3 1880 1809 1881
3 1880 1952 2479
3 2479 1950 2020
3 2020 1950 2228
3 2020 2228 1791
3 1792 1791 2137
3 2137 1791 2228
3 1790 1792 1793
3 1795 1794 1533
3 1530 1795 1533
3 1533 1794 1099
3 1099 1794 1481
3 1481 1794 604
3 1165 1797 1796
3 1796 1797 1967
3 1799 1802 1800
3 1800 1802 75
3 1241 1799 1798
3 1798 1799 1800
3 74 1798 1800
3 75 1802 76
3 76 1802 1803
3 1803 2094 1804
3 1529 1805 1806
3 1808 1003 1493
3 1808 1493 1805
3 1805 1807 1806
3 1805 1493 1807
3 1806 1000 979
3 979 2403 1806
3 1806 1807 1000
3 1529 1808 1805
3 2020 1809 1880
3 1812 1892 2447
3 1812 1813 1811
3 1811 512 2384
3 1811 1810 2288
3 1812 1811 2288
3 1814 138 1655
3 131 1816 1815
3 1235 1818 1815
3 1815 1816 1235
3 1338 1816 131
3 620 2441 586
3 620 102 1817
3 1817 102 96
3 2163 680 676
3 676 677 1863
3 1839 1838 1708
3 1819 2432 229
3 1819 229 1820
3 1145 1820 229
3 818 1821 812
3 1824 2448 1822
3 1822 1823 1824
3 1273 1824 1823
3 1821 818 2448
3 893 1706 1826
3 1706 893 1825
3 1706 1825 896
3 2140 893 1826
3 2287 1245 1832
3 2287 1832 1148
3 1148 1833 1828
3 1829 1831 1833
3 1829 1833 1832
3 1829 1832 1830
3 1829 1254 1831
3 1831 2386 1828
3 533 241 1828
3 1828 1833 1831
3 1148 1832 1833
3 1245 1830 1832
3 1828 241 231
3 1834 2240 1413
3 1413 2081 1834
3 692 1834 2125
3 2125 1834 2081
3 692 1835 1834
3 1836 1837 493
3 458 493 1838
3 493 1837 1838
3 458 1838 1839
3 468 1840 497
3 579 1841 1896
3 2102 1842 1364
3 2102 1365 1842
3 925 1603 1843
3 925 1843 1365
3 1842 1365 1843
3 925 1365 1366
3 1844 665 630
3 89 2424 1845
3 2424 88 1845
3 883 1686 1847
3 1851 320 1849
3 1851 1849 1850
3 1851 1850 1852
3 1853 1852 1850
3 1851 1852 1848
3 1958 1960 649
3 649 1960 2091
3 1958 649 1452
3 2334 1722 649
3 1195 1199 1854
3 1857 1405 134
3 1405 1857 1855
3 1405 1855 139
3 139 1855 750
3 1855 1857 1856
3 134 1856 1857
3 2383 1806 1858
3 2383 1529 1806
3 1592 1031 1033
3 1031 1009 2443
3 1592 1033 1032
3 1031 2443 1033
3 1860 109 1442
3 1860 1442 545
3 323 988 1660
3 988 2468 1660
3 2084 1309 1759
3 2357 2192 750
3 750 2445 2357
3 2357 2445 1862
3 2138 2191 1785
3 1785 2191 1862
3 1863 2309 681
3 681 2309 2310
3 2163 676 1863
3 1598 2079 1864
3 1867 1865 1681
3 1866 1865 372
3 372 1865 1867
3 1870 1869 2451
3 1869 1870 2167
3 1870 1871 187
3 1870 187 2167
3 2153 2167 166
3 2451 1873 214
3 167 2451 214
3 1869 1873 2451
3 2167 2355 166
3 51 933 938
3 935 938 11
3 593 1111 2005
3 1874 2004 1113
3 1875 1876 1760
3 1876 1875 1122
3 1760 1876 747
3 1878 906 904
3 1878 1877 906
3 1385 1879 2231
3 1745 1879 2055
3 2055 1881 1809
3 1879 1385 2055
3 1385 1881 2055
3 1879 1745 1747
3 1882 1878 571
3 2341 909 1882
3 1878 904 571
3 1291 897 2271
3 2478 2336 1389
3 1249 1396 1395
3 1395 2331 1249
3 1883 2226 1285
3 1883 2225 2226
3 2453 2223 1884
3 1666 2224 2223
3 2453 1185 2223
3 2223 1185 1666
3 1255 1639 1888
3 1888 1887 1886
3 2428 1885 2427
3 2428 1886 1885
3 1885 1886 1887
3 1638 1887 1888
3 1638 1888 1639
3 2318 108 1888
3 1888 108 1255
3 721 1889 272
3 1889 1120 1774
3 1889 1122 1120
3 1122 1119 1120
3 319 317 50
3 50 317 1842
3 1892 1812 1891
3 1891 1890 1892
3 2116 2447 1892
3 2410 521 1894
3 1895 1897 1896
3 1895 1898 1897
3 1931 1896 1897
3 1931 1897 2293
3 1897 1898 2294
3 2435 1901 1899
3 1898 8 2294
3 1900 1901 1902
3 1900 1899 1901
3 8 1902 1901
3 1903 1904 627
3 1905 1096 18
3 1906 2421 1907
3 1909 1907 378
3 1909 378 2115
3 1907 1909 1906
3 1911 1910 1240
3 1911 1240 74
3 1910 1443 341
3 341 328 1910
3 74 75 1911
3 1911 1445 1910
3 2376 2241 246
3 2403 2497 1858
3 1955 1203 1912
3 1955 1912 295
3 306 295 1912
3 1203 1955 1954
3 2500 2395 2023
3 88 2500 2023
3 1913 1914 1915
3 2378 1915 1921
3 2378 1921 1916
3 1516 1916 1283
3 1516 1283 1515
3 1283 1916 1920
3 1920 1921 1917
3 2 1917 1919
3 1212 1919 1914
3 1914 1919 1917
3 3 1918 1
3 2029 2 1919
3 2 2029 3
3 1918 3 2029
3 1916 1921 1920
3 1913 1915 1922
3 1913 1922 1215
3 1913 1215 2471
3 1922 1325 110
3 1325 1922 1915
3 1922 110 1219
3 1217 2001 546
3 1564 1563 257
3 1563 2487 257
3 1925 673 672
3 1925 672 1923
3 673 1925 1928
3 1928 1925 1924
3 1924 1925 1927
3 1927 1925 1926
3 1923 1926 1925
3 358 1975 1929
3 1931 1934 1896
3 579 1896 1934
3 1934 1932 1933
3 1932 1934 1931
3 2446 1931 2293
3 1931 2446 1932
3 1932 2446 1935
3 1938 2283 1206
3 1078 1933 1932
3 1936 1937 1939
3 1936 1077 1937
3 1937 1078 1932
3 1938 1939 1935
3 1935 1937 1932
3 1939 1937 1935
3 421 379 381
3 1945 1943 1940
3 1942 1943 1568
3 1943 1945 1567
3 1567 1945 1941
3 1567 1568 1943
3 1941 1945 1944
3 1944 1945 435
3 1944 511 1941
3 297 1946 1947
3 1947 1946 22
3 1385 1948 1949
3 1881 1949 1880
3 1880 1949 1952
3 1955 1953 1954
3 1953 1955 1956
3 1955 296 1956
3 1960 1958 1384
3 438 1958 1452
3 1382 1960 1384
3 1959 1961 2091
3 1959 2091 1960
3 1962 2099 2426
3 2492 2426 2242
3 376 2242 1963
3 2242 2426 1963
3 1963 2426 2099
3 169 133 160
3 1364 317 1966
3 1971 1968 1967
3 1968 1971 1972
3 1346 1969 1973
3 1970 1973 1972
3 256 1972 1973
3 1972 256 1968
3 256 1973 1573
3 1573 1969 1346
3 2360 1346 1345
3 1573 1973 1969
3 1976 1974 629
3 729 629 1478
3 1478 629 1974
3 1929 1975 2113
3 2114 1976 628
3 2247 2114 2113
3 1975 357 2113
3 2113 357 2247
3 1976 2114 2247
3 1974 1976 1977
3 357 1975 358
3 1978 765 1979
3 765 1978 1232
3 2236 2313 370
3 677 1982 2149
3 231 1147 1148
3 1368 2477 1367
3 1856 1406 749
3 1225 362 2195
3 230 2024 1727
3 1986 2364 622
3 1986 611 625
3 602 1986 625
3 1985 1986 602
3 325 2488 1987
3 2056 1987 344
3 344 1987 2488
3 1862 743 724
3 724 743 2040
3 724 2040 741
3 2215 1673 1175
3 1770 69 17
3 119 1989 2501
3 1988 2008 1989
3 1989 2008 2370
3 177 2009 2047
3 2050 2127 1990
3 2127 2049 1990
3 2370 2009 177
3 177 2047 173
3 2049 173 2047
3 1991 2204 2132
3 2132 1992 1991
3 555 2322 552
3 1993 1453 2334
3 777 2419 2284
3 1827 23 1036
3 1036 23 1678
3 924 23 1827
3 1032 1996 1995
3 1997 24 1605
3 1997 1605 924
3 24 1997 1995
3 2393 2026 1994
3 1032 1997 1591
3 1997 1827 1591
3 1995 1997 1032
3 1827 1997 924
3 1998 137 1404
3 1998 1404 1406
3 134 1998 1406
3 2459 1998 1405
3 1999 1268 591
3 2351 546 2002
3 2001 2002 546
3 546 2351 1326
3 546 1326 2000
3 864 2003 873
3 2005 1874 600
3 1874 2005 2004
3 2004 2005 1115
3 2257 2007 167
3 2007 2321 2006
3 2006 2321 1656
3 2047 2009 2048
3 2489 2009 2370
3 2489 2370 2008
3 114 2008 2325
3 2489 2048 2009
3 2376 761 1419
3 1419 761 2011
3 2013 1181 1036
3 1181 1592 1036
3 1592 1181 1593
3 2261 164 180
3 1336 2014 2015
3 2014 1715 188
3 1772 2396 2016
3 2330 1772 2016
3 839 842 2017
3 2234 2017 842
3 2018 2436 1521
3 1521 1515 2018
3 160 171 164
3 171 160 172
3 323 96 324
3 2139 359 2019
3 359 360 2019
3 1791 1790 2020
3 2479 2020 1880
3 2021 1967 1797
3 1967 2021 2022
3 2030 2437 1
3 1727 2024 2023
3 2023 2395 1727
3 909 2342 911
3 2026 2393 1604
3 1604 1025 1843
3 2026 2025 24
3 2026 24 1995
3 2027 2028 2443
3 2028 1033 2443
3 21 1776 289
3 289 1776 1142
3 2030 1918 2029
3 2031 1222 2029
3 2029 1222 2030
3 1918 2030 1
3 1616 2036 2034
3 2033 1616 2034
3 2438 2035 1589
3 2034 2036 2035
3 2032 2033 2034
3 1121 2397 2038
3 1262 2038 1267
3 1403 1760 2230
3 460 2039 465
3 464 465 461
3 461 465 2039
3 460 2187 2039
3 2077 1598 1597
3 2086 1874 1307
3 1072 2080 2308
3 1072 2439 2080
3 1450 2037 1449
3 1038 957 2037
3 2037 1450 1038
3 2042 980 986
3 980 999 987
3 2042 986 1323
3 1576 1380 1578
3 1596 2044 1904
3 2045 1596 2046
3 2050 2047 2048
3 1659 2050 2048
3 2049 2050 1990
3 2050 2049 2047
3 95 2051 1781
3 1629 2033 2032
3 2053 1619 1629
3 2053 1629 2032
3 1809 770 1748
3 1748 770 2054
3 1748 2055 1809
3 1745 2055 1748
3 2277 2387 1692
3 406 418 351
3 985 322 2056
3 1120 2057 1257
3 1246 1247 327
3 327 1247 1237
3 200 197 1256
3 200 1541 197
3 197 2058 209
3 2168 116 2059
3 219 2059 116
3 2154 2059 117
3 2060 1695 2414
3 13 1071 1553
3 1553 1071 2414
3 1553 2414 1696
3 1696 2414 1695
3 9 1964 2061
3 2061 2406 163
3 2406 2061 1964
3 2064 2065 2063
3 416 2066 1539
3 2160 1539 384
3 1538 416 385
3 385 416 1539
3 2068 1295 2069
3 2069 1295 2071
3 2068 2069 2070
3 2071 2067 2075
3 2075 2067 2074
3 2073 2071 2075
3 2073 2072 2071
3 1563 2075 2074
3 335 1641 338
3 1641 335 2450
3 2079 2077 2078
3 2078 2077 2076
3 2078 2076 1376
3 2077 1595 2076
3 2079 1378 1379
3 2078 1378 2079
3 2078 1377 1378
3 2439 1093 2080
3 2299 2081 2300
3 2300 2081 1413
3 2123 2081 2092
3 2123 2092 2186
3 2083 168 2082
3 2083 2082 2155
3 168 2083 166
3 168 545 2082
3 548 1758 1054
3 548 1054 1757
3 598 2086 597
3 2086 1307 2085
3 1307 282 2085
3 2085 282 2062
3 1196 2087 2340
3 2088 2423 452
3 452 2423 454
3 2423 2088 2089
3 453 2423 1474
3 2089 438 2423
3 2423 438 1474
3 448 2089 2088
3 2090 2091 1729
3 2092 2081 2299
3 2092 2299 2298
3 1355 2181 1356
3 2317 529 2095
3 2317 530 529
3 2096 153 136
3 246 2241 974
3 2097 974 2241
3 1908 2098 376
3 1512 2098 375
3 376 1963 374
3 374 1963 2099
3 377 2099 373
3 2100 2106 2107
3 2101 2102 1364
3 2104 1442 590
3 590 109 2103
3 590 2103 1236
3 2105 212 2108
3 2106 2105 2108
3 2106 2108 1434
3 2105 2100 2428
3 2106 2100 2105
3 212 2105 2428
3 2335 2268 2318
3 2107 2268 2100
3 2100 2268 2335
3 2108 219 1430
3 219 2108 212
3 926 1672 23
3 860 2110 2405
3 1166 2109 1167
3 1167 2109 2110
3 2405 2110 2109
3 2143 1902 2111
3 1900 2143 1496
3 1674 2112 1673
3 1175 1673 2112
3 1662 628 1663
3 2113 2114 1662
3 1662 2114 628
3 976 629 356
3 2254 374 377
3 1909 2115 500
3 500 2115 2254
3 1908 2254 2115
3 1836 2447 2116
3 1836 2116 1837
3 1837 2116 433
3 1837 433 1838
3 2117 1073 1094
3 1513 2118 528
3 2316 1386 1487
3 1487 1386 1700
3 1329 1228 1328
3 651 1726 1749
3 2396 1324 2122
3 1324 2396 1257
3 684 683 196
3 196 683 1467
3 613 618 609
3 2123 2186 2124
3 2491 2125 2123
3 2123 2125 2081
3 1709 1826 1706
3 1369 353 349
3 2046 1596 1676
3 1676 1596 2289
3 1676 2289 26
3 2127 2276 175
3 175 2274 2126
3 2088 451 448
3 448 451 445
3 2017 2234 2233
3 232 651 2130
3 2130 851 240
3 530 2317 101
3 477 2400 526
3 2400 470 526
3 1655 2135 2133
3 2135 2134 2133
3 2133 2134 156
3 2136 10 2133
3 2137 1789 2411
3 357 358 2139
3 2138 357 2139
3 2138 2139 2191
3 2019 2191 2139
3 2139 358 359
3 2140 1826 253
3 480 1813 1812
3 480 1812 2447
3 2208 770 1809
3 1788 2190 174
3 1788 1661 2190
3 2141 2190 1661
3 2448 818 1822
3 956 1576 1578
3 2111 2429 2143
3 2429 2111 224
3 1416 1170 2144
3 2144 2145 27
3 2146 2147 2148
3 1420 2148 2149
3 1420 2149 1982
3 2148 2147 2149
3 2147 2309 2149
3 1024 1023 1849
3 1615 852 2329
3 853 2329 2150
3 462 2150 112
3 2152 421 381
3 2152 2151 393
3 393 2151 387
3 2151 2152 381
3 2153 2154 117
3 2155 2154 2083
3 2155 2169 2168
3 2059 2154 2168
3 2168 2154 2155
3 2153 2083 2154
3 2272 2156 2157
3 2157 2156 2158
3 2156 275 2158
3 2158 307 1013
3 2161 1571 2159
3 2159 1571 1572
3 2161 2159 389
3 2161 389 384
3 384 389 2160
3 2161 384 1568
3 2161 1568 1571
3 675 2339 2163
3 675 674 1586
3 1581 675 1586
3 2094 1803 1802
3 1494 1492 1764
3 910 908 557
3 1873 1869 2153
3 2153 1869 2167
3 2109 874 2405
3 169 2406 1964
3 2406 169 160
3 2406 160 164
3 2169 1430 116
3 116 2168 2169
3 2082 2170 2155
3 1079 2425 1084
3 752 7 756
3 2326 57 2366
3 2366 57 71
3 57 2326 2490
3 2326 60 2490
3 2103 1860 930
3 2356 1268 1999
3 199 2172 2174
3 2173 1372 2174
3 901 1485 1486
3 1484 1485 901
3 492 496 2235
3 2177 508 2175
3 2179 2178 2176
3 2176 2178 506
3 2176 506 2177
3 2177 506 508
3 483 2178 2179
3 483 2179 370
3 127 119 1334
3 1126 1804 2094
3 613 617 618
3 2182 618 608
3 618 2182 609
3 2182 610 609
3 2399 1607 1868
3 2399 692 1607
3 2399 2398 970
3 616 754 2184
3 17 2407 2185
3 596 2185 2407
3 2185 1770 17
3 1031 1008 1009
3 2430 2389 2187
3 2187 2389 1618
3 2189 665 666
3 2192 2357 2193
3 8 1542 223
3 159 2194 2195
3 2195 2194 2134
3 2492 368 367
3 2143 2429 1498
3 2143 1498 1496
3 312 1002 2196
3 2197 356 729
3 729 1734 2197
3 2197 1734 1051
3 1466 2200 2199
3 1466 2199 678
3 2199 225 678
3 2199 2200 2198
3 2200 1466 2201
3 2200 2201 1470
3 1652 1649 342
3 1649 343 342
3 325 2203 2488
3 2205 2204 1549
3 1724 2206 2205
3 698 694 2207
3 2020 1790 2208
3 1809 2020 2208
3 856 865 2210
3 589 1610 2440
3 601 604 1794
3 602 601 1794
3 1039 1746 2213
3 2211 2213 2212
3 1746 2212 2213
3 1673 2215 2214
3 2215 1173 1178
3 2215 1178 2214
3 483 482 481
3 2218 2333 2219
3 2219 2333 1286
3 970 2219 701
3 65 71 57
3 65 57 66
3 1823 831 1273
3 799 800 2221
3 2221 800 426
3 2223 2224 2222
3 2225 2222 2226
3 2222 1884 2223
3 2222 2225 1884
3 2408 2434 2498
3 2408 2498 2227
3 2408 2227 2409
3 2228 1554 1789
3 1403 2230 2229
3 2229 1266 1267
3 2229 2397 1403
3 335 549 2450
3 1543 2232 1547
3 2233 2234 2232
3 2232 2234 1547
3 1487 1648 2316
3 496 510 2235
3 487 2235 510
3 1548 1724 2205
3 284 1506 2238
3 285 284 283
3 1412 1413 2240
3 2240 1834 2330
3 1418 2241 2376
3 2242 710 2492
3 382 2496 2367
3 985 2056 2493
3 981 2493 2243
3 1108 2244 592
3 1726 1727 2246
3 2246 1727 652
3 2246 2245 1726
3 1550 2245 2246
3 2247 1977 1976
3 2247 357 1977
3 199 2174 2248
3 2249 2250 2251
3 2250 2035 2438
3 2035 2250 2034
3 2034 2250 2249
3 961 246 974
3 2000 1326 591
3 591 1326 1999
3 2253 2252 1789
3 507 2254 377
3 2140 1704 893
3 1458 1588 1587
3 1458 2131 1588
3 165 1670 2261
3 61 1139 58
3 1670 1139 2261
3 2256 213 217
3 215 213 2257
3 2257 2321 2007
3 214 215 2257
3 7 2259 1497
3 1497 2259 2435
3 61 2262 1139
3 2262 2261 1139
3 1063 2481 331
3 679 680 2339
3 2339 680 2163
3 679 1580 1373
3 939 950 2265
3 1411 2265 948
3 1930 2113 1662
3 2435 2259 2293
3 2266 556 1418
3 2266 1418 1419
3 2266 1419 2260
3 2289 1596 2267
3 1459 1422 2495
3 1422 2269 2495
3 2495 2269 2270
3 1456 2495 2270
3 1647 1480 1275
3 1647 1275 1129
3 1480 1647 1645
3 1630 1647 1129
3 1010 2272 1006
3 1381 2272 2157
3 1381 2157 1012
3 1012 2157 1013
3 2276 2274 175
3 2126 2274 1216
3 2275 1216 2274
3 2372 115 2275
3 2275 2274 2276
3 2275 2276 2372
3 2372 2276 2127
3 1636 2311 1155
3 1155 2311 1333
3 733 346 1736
3 346 733 396
3 2278 1601 1598
3 2278 1598 1864
3 2278 1864 797
3 504 506 2452
3 2280 963 973
3 973 965 2280
3 2281 1377 1536
3 2281 1536 1366
3 1536 1377 2078
3 1938 1935 2283
3 2350 1868 2284
3 1072 2308 2286
3 2286 2308 2285
3 1238 1245 2287
3 1893 2288 1810
3 1893 1891 2288
3 2288 1891 1812
3 1810 2410 1894
3 976 1663 628
3 1169 1164 561
3 2358 920 1903
3 920 927 1903
3 1903 927 928
3 1903 2289 2267
3 2290 1475 1407
3 22 2051 95
3 95 772 22
3 856 2210 2291
3 2292 2291 2209
3 2291 1233 1234
3 2291 1234 856
3 8 1901 2294
3 1897 2294 2293
3 2293 2294 2435
3 1901 2435 2294
3 2295 670 2296
3 1207 1444 1445
3 2298 2299 1414
3 2299 2300 1414
3 14 2301 956
3 14 956 1578
3 2303 2302 45
3 2302 2303 42
3 44 2302 42
3 2303 2305 42
3 940 2305 2304
3 1742 1624 1662
3 842 841 838
3 138 2457 2306
3 64 62 2308
3 1980 2308 62
3 575 574 576
3 2309 2147 2310
3 2310 683 682
3 683 2310 2146
3 1035 2394 2393
3 635 1928 637
3 1782 2311 1635
3 1635 2311 1636
3 1309 2084 335
3 936 937 54
3 2253 2319 2252
3 2250 2437 1537
3 2256 2320 2321
3 2256 2257 213
3 2256 2321 2257
3 2398 2350 2374
3 2323 1418 556
3 2323 556 78
3 2250 1537 2251
3 2249 2032 2034
3 2410 1810 2384
3 2008 1988 2325
3 2326 2327 60
3 1991 1373 1371
3 113 2329 2328
3 372 2328 1866
3 113 2328 1906
3 2329 1866 2328
3 1652 1651 2119
3 2283 2446 2282
3 227 105 83
3 978 2121 2383
3 1511 52 2064
3 1835 2330 1834
3 1249 2331 1444
3 995 1763 993
3 1763 995 1000
3 1763 1000 1807
3 2218 2422 2333
3 909 1877 1878
3 2224 1667 2222
3 2334 2090 1993
3 2090 2334 649
3 2335 1888 1886
3 1886 2428 2100
3 1886 2100 2335
3 2474 161 1715
3 1389 1387 1062
3 2337 1623 2456
3 1622 1623 2338
3 1622 2338 1624
3 2337 2338 1623
3 1416 1417 1854
3 1528 1525 976
3 976 356 1528
3 576 573 1141
3 2341 2342 909
3 436 1547 1579
3 2243 1648 1487
3 1648 2243 343
3 256 2343 880
3 256 2344 2343
3 2190 1513 528
3 2347 1753 1756
3 2347 1756 2348
3 451 2349 446
3 2349 451 6
3 897 1291 571
3 2350 2284 968
3 968 2374 2350
3 1329 2351 2002
3 2351 1329 1328
3 605 612 2470
3 605 2470 1108
3 1694 2277 1692
3 1141 573 572
3 362 2357 2019
3 2019 2357 2191
3 2186 1483 775
3 775 1483 2358
3 2359 920 2358
3 2493 343 2243
3 211 212 2428
3 572 971 1141
3 1669 2362 34
3 2364 2392 609
3 1610 589 1611
3 9 2061 71
3 71 2061 2366
3 2366 2061 2365
3 1490 1793 1792
3 2368 2171 1425
3 1596 2045 2043
3 2488 2369 854
3 1786 1787 182
3 1786 182 2263
3 2501 2370 177
3 2471 115 2373
3 1951 1068 1554
3 1020 2394 1030
3 1030 1028 1020
3 1909 500 2375
3 2375 500 501
3 1909 2375 1906
3 112 113 1906
3 112 1906 2375
3 2405 874 2431
3 2431 874 875
3 760 2376 246
3 760 761 2376
3 1915 2378 1325
3 1325 2378 1330
3 1455 1457 2132
3 2248 208 199
3 1109 1108 592
3 1930 1929 2113
3 420 2151 2379
3 963 964 972
3 971 572 969
3 971 972 1141
3 1141 972 964
3 2395 2500 194
3 195 194 82
3 1811 1813 512
3 2444 2286 1965
3 2398 2399 1868
3 2388 1332 159
3 159 1332 2380
3 528 179 174
3 366 373 2099
3 2382 2003 887
3 887 2381 2382
3 2383 2121 1529
3 740 1692 2387
3 118 545 168
3 811 414 413
3 2386 1846 533
3 2388 159 2195
3 461 2039 1618
3 1618 2039 2187
3 2283 2282 1206
3 756 588 2390
3 754 752 2390
3 754 2390 588
3 2032 2249 1477
3 2391 1425 1426
3 470 2400 2401
3 2267 1596 1904
3 1020 2393 2394
3 2396 1120 1257
3 2016 2396 2122
3 867 888 1234
3 2397 1121 1403
3 912 913 2401
3 2401 913 919
3 2400 912 2401
3 918 919 914
3 919 913 914
3 2402 1448 2403
3 2403 1448 2497
3 1402 2230 1760
3 2404 1011 1006
3 2404 1006 1381
3 722 740 2377
3 2377 740 2387
3 1364 1842 317
3 2408 2499 2434
3 1732 2434 2499
3 2409 2312 2408
3 779 1654 780
3 377 373 2177
3 2179 2176 2180
3 2180 2176 373
3 2177 373 2176
3 2386 90 1846
3 1845 1846 90
3 819 840 2162
3 840 821 2162
3 836 2162 1300
3 1138 1137 2273
3 2410 2384 1410
3 450 446 1584
3 2353 2422 2354
3 2252 2411 1789
3 2412 2183 1782
3 1782 1635 2412
3 533 534 241
3 144 2413 2142
3 1244 1829 1830
3 1199 1174 2415
3 390 2417 1570
3 635 639 1928
3 1361 2418 1360
3 2418 1361 1358
3 2284 2419 968
3 968 2419 2420
3 2314 521 2410
3 2339 1580 679
3 2424 2500 88
3 612 622 2255
3 2121 1808 1529
3 813 810 411
3 411 810 1821
3 832 2017 1544
3 1047 423 422
3 1444 1207 1249
3 82 2424 227
3 2424 82 2500
3 227 2424 105
3 1611 588 756
3 1103 1097 1096
3 2428 2427 211
3 579 1934 2425
3 35 2258 37
3 35 1194 2258
3 36 2258 1194
3 2501 1989 2370
3 2190 528 174
3 2279 316 1489
3 1489 316 321
3 367 2426 2492
3 1505 1509 1511
3 525 1891 1893
3 2389 2430 1590
3 1590 111 2389
3 1084 1934 1078
3 1078 1934 1933
3 1819 231 2432
3 1785 702 2138
3 1899 1497 2435
3 0 2437 2438
3 2441 2440 586
3 586 2440 2345
3 1758 2084 1759
3 2209 2291 2210
3 1935 2446 2283
3 1370 352 351
3 2449 1477 2249
3 1962 369 366
3 366 2099 1962
3 124 121 2311
3 1489 1848 1490
3 1872 1873 2153
3 1345 1356 2360
3 2251 2449 2249
3 1490 1488 2279
3 1490 2279 1489
3 2452 486 505
3 2452 505 504
3 2453 952 951
3 717 397 395
3 0 2454 1
3 106 87 1502
3 236 240 851
3 267 690 268
3 277 278 275
3 2041 369 367
3 2409 396 733
3 401 419 408
3 469 476 474
3 479 472 471
3 502 505 490
3 488 484 481
3 536 103 2095
3 563 557 2464
3 748 721 272
3 2420 785 248
3 789 790 792
3 2419 777 776
3 822 826 823
3 846 2130 651
3 865 856 891
3 1366 25 1602
3 986 980 984
3 1067 1064 1388
3 1194 1192 1193
3 2129 1219 1217
3 363 1225 141
3 2368 1210 1476
3 889 2494 863
3 1243 2472 1242
3 1260 1261 1257
3 895 2295 2296
3 1280 1210 1522
3 2479 1062 1950
3 1467 678 196
3 226 2198 1469
3 1521 1522 1519
3 1563 2074 815
3 713 714 1684
3 1796 1168 1687
3 1738 1737 1739
3 1743 1853 1850
3 845 847 1750
3 2485 1765 624
3 1505 2063 2062
3 1772 249 1774
3 1772 1773 249
3 1791 1792 1790
3 1241 1801 1799
3 532 1846 2024
3 1774 1120 2396
3 137 2096 136
3 1364 1966 2101
3 349 352 1369
3 1739 2221 426
3 2493 981 985
3 1444 2331 1447
3 2312 2499 2408
3 951 1698 2453