3 0 1 2
3 0 3 1
3 4 5 6
3 7 8 4
3 9 10 7
3 11 12 9
3 13 14 11
3 15 16 13
3 17 18 15
3 19 20 17
3 21 22 19
3 1 23 21
3 4 8 5
3 8 24 5
3 7 10 8
3 10 25 8
3 8 25 24
3 25 26 24
3 9 12 10
3 12 27 10
3 10 27 25
3 27 28 25
3 25 28 26
3 28 29 26
3 11 14 12
3 14 30 12
3 12 30 27
3 30 31 27
3 27 31 28
3 31 32 28
3 28 32 29
3 32 33 29
3 13 16 14
3 16 34 14
3 14 34 30
3 34 35 30
3 30 35 31
3 35 36 31
3 31 36 32
3 36 37 32
3 32 37 33
3 37 38 33
3 15 18 16
3 18 39 16
3 16 39 34
3 39 40 34
3 34 40 35
3 40 41 35
3 35 41 36
3 41 42 36
3 36 42 37
3 42 43 37
3 37 43 38
3 43 44 38
3 17 20 18
3 20 45 18
3 18 45 39
3 45 46 39
3 39 46 40
3 46 47 40
3 40 47 41
3 47 48 41
3 41 48 42
3 48 49 42
3 42 49 43
3 49 50 43
3 43 50 44
3 50 51 44
3 19 22 20
3 22 52 20
3 20 52 45
3 52 53 45
3 45 53 46
3 53 54 46
3 46 54 47
3 54 55 47
3 47 55 48
3 55 56 48
3 48 56 49
3 56 57 49
3 49 57 50
3 57 58 50
3 50 58 51
3 58 59 51
3 21 23 22
3 23 60 22
3 22 60 52
3 60 61 52
3 52 61 53
3 61 62 53
3 53 62 54
3 62 63 54
3 54 63 55
3 63 64 55
3 55 64 56
3 64 65 56
3 56 65 57
3 65 66 57
3 57 66 58
3 66 67 58
3 58 67 59
3 67 68 59
3 1 3 23
3 3 69 23
3 23 69 60
3 69 70 60
3 60 70 61
3 70 71 61
3 61 71 62
3 71 72 62
3 62 72 63
3 72 73 63
3 63 73 64
3 73 74 64
3 64 74 65
3 74 75 65
3 65 75 66
3 75 76 66
3 66 76 67
3 76 77 67
3 67 77 68
3 77 78 68
3 79 80 81
3 82 83 79
3 84 85 82
3 86 87 84
3 88 89 86
3 90 91 88
3 92 93 90
3 94 95 92
3 96 97 94
3 2 98 96
3 79 83 80
3 83 99 80
3 82 85 83
3 85 100 83
3 83 100 99
3 100 101 99
3 84 87 85
3 87 102 85
3 85 102 100
3 102 103 100
3 100 103 101
3 103 104 101
3 86 89 87
3 89 105 87
3 87 105 102
3 105 106 102
3 102 106 103
3 106 107 103
3 103 107 104
3 107 108 104
3 88 91 89
3 91 109 89
3 89 109 105
3 109 110 105
3 105 110 106
3 110 111 106
3 106 111 107
3 111 112 107
3 107 112 108
3 112 113 108
3 90 93 91
3 93 114 91
3 91 114 109
3 114 115 109
3 109 115 110
3 115 116 110
3 110 116 111
3 116 117 111
3 111 117 112
3 117 118 112
3 112 118 113
3 118 119 113
3 92 95 93
3 95 120 93
3 93 120 114
3 120 121 114
3 114 121 115
3 121 122 115
3 115 122 116
3 122 123 116
3 116 123 117
3 123 124 117
3 117 124 118
3 124 125 118
3 118 125 119
3 125 126 119
3 94 97 95
3 97 127 95
3 95 127 120
3 127 128 120
3 120 128 121
3 128 129 121
3 121 129 122
3 129 130 122
3 122 130 123
3 130 131 123
3 123 131 124
3 131 132 124
3 124 132 125
3 132 133 125
3 125 133 126
3 133 134 126
3 96 98 97
3 98 135 97
3 97 135 127
3 135 136 127
3 127 136 128
3 136 137 128
3 128 137 129
3 137 138 129
3 129 138 130
3 138 139 130
3 130 139 131
3 139 140 131
3 131 140 132
3 140 141 132
3 132 141 133
3 141 142 133
3 133 142 134
3 142 143 134
3 2 1 98
3 1 21 98
3 98 21 135
3 21 19 135
3 135 19 136
3 19 17 136
3 136 17 137
3 17 15 137
3 137 15 138
3 15 13 138
3 138 13 139
3 13 11 139
3 139 11 140
3 11 9 140
3 140 9 141
3 9 7 141
3 141 7 142
3 7 4 142
3 142 4 143
3 4 6 143
3 144 145 146
3 147 148 149
3 150 151 152
3 153 154 155
3 156 157 158
3 159 160 161
3 162 163 164
3 165 166 167
3 168 169 170
3 171 172 173
3 174 175 176
3 177 178 179
3 180 181 182
3 183 184 185
3 186 187 188
3 189 190 191
3 192 193 194
3 195 196 197
3 198 199 200
3 201 202 203
3 204 205 206
3 207 208 209
3 210 211 212
3 213 214 215
3 216 217 218
3 219 220 221
3 222 223 224
3 225 226 227
3 228 229 230
3 231 232 233
3 234 235 236
3 237 238 239
3 240 241 242
3 243 244 245
3 246 247 248
3 249 250 251
3 252 253 254
3 255 256 257
3 258 259 260
3 261 262 263
3 264 265 266
3 267 268 269
3 270 271 272
3 273 274 275
3 276 277 278
3 279 280 281
3 282 283 284
3 285 286 287
3 288 289 290
3 291 292 293
3 294 295 296
3 297 298 299
3 300 301 302
3 303 304 305
3 306 307 308
3 309 310 311
3 312 313 314
3 315 316 317
3 318 319 320
3 321 322 323
3 324 325 326
3 327 328 329
3 330 331 332
3 333 334 335
3 336 337 338
3 339 340 341
3 342 343 344
3 345 346 347
3 348 349 350
3 351 352 353
3 354 355 356
3 357 358 359
3 360 361 362
3 363 364 365
3 366 367 368
3 369 370 371
3 372 373 374
3 375 376 377
3 378 379 380
3 381 382 383
3 384 385 386
3 387 388 389
3 390 391 392
3 393 394 395
3 396 397 398
3 399 400 401
3 402 403 404
3 405 406 407
3 408 409 410
3 411 412 413
3 414 415 416
3 417 418 419
3 420 421 422
3 423 424 425
3 426 427 428
3 429 430 431
3 432 433 434
3 435 436 437
3 438 439 440
3 441 442 443
3 444 445 446
3 447 448 449
3 450 451 452
3 453 454 455
3 456 457 458
3 459 460 461
3 462 463 464
3 465 466 467
3 468 469 470
3 471 472 473
3 474 475 476
3 477 478 479
3 480 481 482
3 483 484 485
3 486 487 488
3 489 490 491
3 492 493 494
3 495 496 497
3 498 499 500
3 501 502 503
3 504 505 506
3 507 508 509
3 510 511 512
3 513 514 515
3 516 517 518
3 519 520 521
3 522 523 524
3 525 526 527
3 528 529 530
3 531 532 533
3 534 535 536
3 537 538 539
3 540 541 542
3 543 544 545
3 546 547 548
3 549 550 551
3 552 553 554
3 555 556 557
3 558 559 560
3 561 562 563
3 564 565 566
3 567 568 569
3 570 571 572
3 573 574 575
3 576 577 578
3 579 580 581
3 582 583 584
3 585 586 587
3 588 589 590
3 591 592 593
3 594 595 596
3 597 598 599
3 600 601 602
3 603 604 605
3 606 607 608
3 609 610 611
3 612 613 614
3 615 616 617
3 618 619 620
3 621 622 623
3 624 625 626
3 627 628 629
3 630 631 632
3 633 634 635
3 636 637 638
3 639 640 641
3 642 643 644
3 645 646 647
3 648 649 650
3 651 652 653
3 654 655 656
3 657 658 659
3 660 661 662
3 663 664 665
3 666 667 668
3 669 670 671
3 672 673 674
3 675 676 677
3 678 679 680
3 681 682 683
3 684 685 686
3 687 688 689
3 690 691 692
3 693 694 695
3 696 697 698
3 699 700 701
3 702 703 704
3 705 706 707
3 708 709 710
3 711 712 713
3 714 715 716
3 717 718 719
3 720 721 722
3 723 724 725
3 726 727 728
3 729 730 731
3 732 733 734
3 735 736 737
3 738 739 740
3 741 742 743
3 744 745 746
3 747 748 749
3 750 751 752
3 753 754 755
3 756 757 758
3 759 760 761
3 762 763 764
3 765 766 767
3 768 769 770
3 771 772 773
3 774 775 776
3 777 778 779
3 780 781 782
3 783 784 785
3 786 787 788
3 789 790 791
3 792 793 794
3 795 796 797
3 798 799 800
3 801 802 803
3 804 805 806
3 807 808 809
3 810 811 812
3 813 814 815
3 816 817 818
3 819 820 821
3 822 823 824
3 825 826 827
3 828 829 830
3 831 832 833
3 834 835 836
3 837 838 839
3 840 841 842
3 843 844 845
3 846 847 848
3 849 850 851
3 852 853 854
3 855 856 857
3 858 859 860
3 861 862 863
3 864 865 866
3 867 868 869
3 870 871 872
3 873 874 875
3 876 877 878
3 879 880 881
3 882 883 884
3 885 886 887
3 888 889 890
3 891 892 893
3 894 895 896
3 897 898 899
3 900 901 902
3 903 904 905
3 906 907 908
3 909 910 911
3 912 913 914
3 915 916 917
3 918 919 920
3 921 922 923
3 924 925 926
3 927 928 929
3 930 931 932
3 933 934 935
3 936 937 938
3 939 940 941
3 942 943 944
3 945 946 947
3 948 949 950
3 951 952 953
3 954 955 956
3 957 958 959
3 960 961 962
3 963 964 965
3 966 967 968
3 969 970 971
3 972 973 974
3 975 976 977
3 978 979 980
3 981 982 983
3 984 985 986
3 987 988 989
3 990 991 992
3 993 994 995
3 996 997 998
3 999 1000 1001
3 1002 1003 1004
3 1005 1006 1007
3 1008 1009 1010
3 1011 1012 1013
3 1014 1015 1016
3 1017 1018 1019
3 1020 1021 1022
3 1023 1024 1025
3 1026 1027 1028
3 1029 1030 1031
3 1032 1033 1034
3 1035 1036 1037
3 1038 1039 1040
3 1041 1042 1043
3 1044 1045 1046
3 1047 1048 1049
3 1050 1051 1052
3 1053 1054 1055
3 1056 1057 1058
3 1059 1060 1061
3 1062 1063 1064
3 1065 1066 1067
3 1068 1069 1070
3 1071 1072 1073
3 1074 1075 1076
3 1077 1078 1079
3 1080 1081 1082
3 1083 1084 1085
3 1086 1087 1088
3 1089 1090 1091
3 1092 1093 1094
3 1095 1096 1097
3 1098 1099 1100
3 1101 1102 1103
3 1104 1105 1106
3 1107 1108 1109
3 1110 1111 1112
3 1113 1114 1115
3 1116 1117 1118
3 1119 1120 1121
3 1122 1123 1124
3 1125 1126 1127
3 1128 1129 1130
3 1131 1132 1133
3 1134 1135 1136
3 1137 1138 1139
3 1140 1141 1142
3 1143 1144 1145
3 1146 1147 1148
3 1149 1150 1151
3 1152 1153 1154
3 1155 1156 1157
3 1158 1159 1160
3 1161 1162 1163
3 1164 1165 1166
3 1167 1168 1169
3 1170 1171 1172
3 1173 1174 1175
3 1176 1177 1178
3 1179 1180 1181
3 1182 1183 1184
3 1185 1186 1187
3 1188 1189 1190
3 1191 1192 1193
3 1194 1195 1196
3 1197 1198 1199
3 1200 1201 1202
3 1203 1204 1205
3 1206 1207 1208
3 1209 1210 1211
3 1212 1213 1214
3 1215 1216 1217
3 1218 1219 1220
3 1221 1222 1223
3 1224 1225 1226
3 1227 1228 1229
3 1230 1231 1232
3 1233 1234 1235
3 1236 1237 1238
3 1239 1240 1241
3 1242 1243 1244
3 1245 1246 1247
3 1248 1249 1250
3 1251 1252 1253
3 1254 1255 1256
3 1257 1258 1259
3 1260 1261 1262
3 1263 1264 1265
3 1266 1267 1268
3 1269 1270 1271
3 1272 1273 1274
3 1275 1276 1277
3 1278 1279 1280
3 1281 1282 1283
3 1284 1285 1286
3 1287 1288 1289
3 1290 1291 1292
3 1293 1294 1295
3 1296 1297 1298
3 1299 1300 1301
3 1302 1303 1304
3 1305 1306 1307
3 1308 1309 1310
3 1311 1312 1313
3 1314 1315 1316
3 1317 1318 1319
3 1320 1321 1322
3 1323 1324 1325
3 1326 1327 1328
3 1329 1330 1331
3 1332 1333 1334
3 1335 1336 1337
3 1338 1339 1340
3 1341 1342 1343
3 1344 1345 1346
3 1347 1348 1349
3 1350 1351 1352
3 1353 1354 1355
3 1356 1357 1358
3 1359 1360 1361
3 1362 1363 1364
3 1365 1366 1367
3 1368 1369 1370
3 1371 1372 1373
3 1374 1375 1376
3 1377 1378 1379
3 1380 1381 1382
3 1383 1384 1385
3 1386 1387 1388
3 1389 1390 1391
3 1392 1393 1394
3 1395 1396 1397
3 1398 1399 1400
3 1401 1402 1403
3 1404 1405 1406
3 1407 1408 1409
3 1410 1411 1412
3 1413 1414 1415
3 1416 1417 1418
3 1419 1420 1421
3 1422 1423 1424
3 1425 1426 1427
3 1428 1429 1430
3 1431 1432 1433
3 1434 1435 1436
3 1437 1438 1439
3 1440 1441 1442
3 1443 1444 1445
3 1446 1447 1448
3 1449 1450 1451
3 1452 1453 1454
3 1455 1456 1457
3 1458 1459 1460
3 1461 1462 1463
3 1464 1465 1466
3 1467 1468 1469
3 1470 1471 1472
3 1473 1474 1475
3 1476 1477 1478
3 1479 1480 1481
3 1482 1483 1484
3 1485 1486 1487
3 1488 1489 1490
3 1491 1492 1493
3 1494 1495 1496
3 1497 1498 1499
3 1500 1501 1502
3 1503 1504 1505
3 1506 1507 1508
3 1509 1510 1511
3 1512 1513 1514
3 1515 1516 1517
3 1518 1519 1520
3 1521 1522 1523
3 1524 1525 1526
3 1527 1528 1529
3 1530 1531 1532
3 1533 1534 1535
3 1536 1537 1538
3 1539 1540 1541
3 1542 1543 1544
3 1545 1546 1547
3 1548 1549 1550
3 1551 1552 1553
3 1554 1555 1556
3 1557 1558 1559
3 1560 1561 1562
3 1563 1564 1565
3 1566 1567 1568
3 1569 1570 1571
3 1572 1573 1574
3 1575 1576 1577
3 1578 1579 1580
3 1581 1582 1583
3 1584 1585 1586
3 1587 1588 1589
3 1590 1591 1592
3 1593 1594 1595
3 1596 1597 1598
3 1599 1600 1601
3 1602 1603 1604
3 1605 1606 1607
3 1608 1609 1610
3 1611 1612 1613
3 1614 1615 1616
3 1617 1618 1619
3 1620 1621 1622
3 1623 1624 1625
3 1626 1627 1628
3 1629 1630 1631
3 1632 1633 1634
3 1635 1636 1637
3 1638 1639 1640
3 1641 1642 1643
3 1644 1645 1646
3 1647 1648 1649
3 1650 1651 1652
3 1653 1654 1655
3 1656 1657 1658
3 1659 1660 1661
3 1662 1663 1664
3 1665 1666 1667
3 1668 1669 1670
3 1671 1672 1673
3 1674 1675 1676
3 1677 1678 1679
3 1680 1681 1682
3 1683 1684 1685
3 1686 1687 1688
3 1689 1690 1691
3 1692 1693 1694
3 1695 1696 1697
3 1698 1699 1700
3 1701 1702 1703
3 1704 1705 1706
3 1707 1708 1709
3 1710 1711 1712
3 1713 1714 1715
3 1716 1717 1718
3 1719 1720 1721
3 1722 1723 1724
3 1725 1726 1727
3 1728 1729 1730
3 1731 1732 1733
3 1734 1735 1736
3 1737 1738 1739
3 1740 1741 1742
3 1743 1744 1745
3 1746 1747 1748
3 1749 1750 1751
3 1752 1753 1754
3 1755 1756 1757
3 1758 1759 1760
3 1761 1762 1763
3 1764 1765 1766
3 1767 1768 1769
3 1770 1771 1772
3 1773 1774 1775
3 1776 1777 1778
3 1779 1780 1781
3 1782 1783 1784
3 1785 1786 1787
3 1788 1789 1790
3 1791 1792 1793
3 1794 1795 1796
3 1797 1798 1799
3 1800 1801 1802
3 1803 1804 1805
3 1806 1807 1808
3 1809 1810 1811
3 1812 1813 1814
3 1815 1816 1817
3 1818 1819 1820
3 1821 1822 1823
3 1824 1825 1826
3 1827 1828 1829
3 1830 1831 1832
3 1833 1834 1835
3 1836 1837 1838
3 1839 1840 1841
3 1842 1843 1844
3 1845 1846 1847
3 1848 1849 1850
3 1851 1852 1853
3 1854 1855 1856
3 1857 1858 1859
3 1860 1861 1862
3 1863 1864 1865
3 1866 1867 1868
3 1869 1870 1871
3 1872 1873 1874
3 1875 1871 1876
3 1877 1878 1879
3 1880 1881 1882
3 1883 1884 1880
3 1885 1886 1887
3 1888 1889 1890
3 1891 1892 1888
3 1893 1894 1895
3 1896 1861 1897
3 1898 1862 1896
3 1899 1862 1900
3 1901 1902 1903
3 1904 1905 1906
3 1907 1905 1908
3 1909 1855 1910
3 1911 1856 1909
3 1912 1913 1914
3 1915 1916 1917
3 1918 1917 1919
3 1918 1920 1915
3 1848 1921 1922
3 1923 1924 1925
3 1926 1927 1928
3 1929 1930 1931
3 1932 1933 1934
3 1932 1935 1936
3 1842 1937 1938
3 1939 1940 1941
3 1942 1943 1944
3 1945 1946 1947
3 1948 1949 1950
3 1948 1951 1952
3 1953 1954 1955
3 1956 1957 1958
3 1959 1960 1953
3 1961 1962 1963
3 1964 1835 1965
3 1966 1967 1968
3 1969 1970 1971
3 1972 1973 1974
3 1975 1832 1976
3 1977 1828 1978
3 1979 1829 1977
3 1980 1829 1981
3 1982 1825 1983
3 1984 1826 1982
3 1985 1826 1986
3 1987 1988 1989
3 1990 1991 1992
3 1993 1823 1994
3 1995 1996 1997
3 1998 1999 2000
3 2001 1820 2002
3 2003 2004 2005
3 2006 2007 2008
3 2009 2010 1815
3 1812 2011 2012
3 2013 2014 2015
3 2013 2016 2017
3 1809 2018 2019
3 2020 2021 2022
3 2020 2023 2024
3 1806 2025 2026
3 2027 2028 2029
3 2027 2030 2031
3 2032 2033 2034
3 2035 2036 2037
3 2038 2039 2040
3 2041 2042 2043
3 2044 2045 2046
3 2047 2048 2041
3 2049 2050 2051
3 2052 2053 2054
3 2055 2056 2057
3 2058 1795 2059
3 2060 1796 2058
3 2061 1796 2062
3 2063 1792 2064
3 2065 1793 2063
3 2066 1793 2067
3 2068 1789 2069
3 2070 1790 2068
3 2071 1790 2072
3 2073 2074 2075
3 2076 2077 2078
3 2079 2080 2081
3 2082 2083 2084
3 2085 2086 2087
3 2088 2089 2090
3 2091 2092 2093
3 2094 2095 2096
3 2097 2098 2099
3 2100 2101 2102
3 2103 2104 2105
3 2103 2106 2107
3 2108 2109 2110
3 2111 2112 2113
3 2111 2114 2115
3 1770 2116 2117
3 2118 2119 2120
3 2118 2121 2122
3 1767 2123 2124
3 2125 2126 2127
3 2128 2129 2130
3 2131 2132 2133
3 2134 2135 2136
3 2137 2138 2139
3 2140 2141 2142
3 2143 2144 2145
3 2146 1763 2147
3 2148 2149 2150
3 2151 1760 2152
3 2153 2154 2155
3 2156 1756 2157
3 2158 1757 2156
3 2159 1757 2160
3 2161 1753 2162
3 2163 1754 2161
3 2164 1754 2165
3 2166 2167 2168
3 2169 2170 2171
3 2172 2170 2173
3 2174 1747 2175
3 2176 1748 2174
3 2177 2178 2179
3 2180 2181 2182
3 2183 2182 2184
3 2183 2185 2180
3 2186 2187 2188
3 2189 2190 2191
3 2192 2193 2194
3 2195 2196 2197
3 2198 2199 2200
3 2201 2202 2203
3 2204 2205 2206
3 2207 2208 2209
3 2207 2210 2211
3 2212 2213 2214
3 2215 2216 2217
3 2215 2218 2219
3 2220 2221 2222
3 2223 2224 2225
3 2226 2227 1728
3 2228 1726 2229
3 2230 1727 2228
3 2231 2232 2233
3 2234 1723 2235
3 2236 2237 2238
3 2239 1724 2240
3 2241 1720 2242
3 2243 1721 2241
3 2244 1721 2245
3 2246 1717 2247
3 2248 1718 2246
3 2249 1718 2250
3 2251 2252 2253
3 2254 2255 2256
3 2257 2255 2258
3 2259 1711 2260
3 2261 2262 2263
3 2264 1712 2265
3 2266 2267 2268
3 2269 2270 2271
3 2269 2272 1707
3 2273 2274 2275
3 2276 2277 2278
3 2276 2279 2280
3 2281 2282 2283
3 2284 2285 2286
3 2284 2287 2288
3 1698 2289 2290
3 2291 2292 2293
3 2294 2295 2296
3 1695 2297 2298
3 2299 2300 2301
3 2299 2302 2303
3 2304 2305 2306
3 2307 2306 2308
3 2307 2309 2304
3 2310 1690 2311
3 2312 2313 2314
3 2315 1691 2316
3 2317 2318 2319
3 2320 2321 2317
3 2322 2323 2324
3 2325 1684 2326
3 2327 1685 2325
3 2328 1685 2329
3 2330 1681 2331
3 2332 1682 2330
3 2333 1682 2334
3 2335 2336 2337
3 2338 2339 2335
3 2340 1679 2341
3 2342 2343 2344
3 2345 2346 2347
3 2348 2349 2350
3 2351 2352 2353
3 2354 2353 2355
3 2356 2357 2358
3 1668 2359 2360
3 2361 2362 2363
3 2361 2364 2365
3 1665 2366 2367
3 2368 2369 2370
3 2368 2371 2372
3 1662 2373 2374
3 2375 2376 2377
3 2375 2378 2379
3 1659 2380 2381
3 2382 2383 2384
3 2385 2386 2387
3 2388 2389 2390
3 2391 2392 2393
3 2391 2394 1656
3 2395 2396 2397
3 2398 2399 2395
3 2400 2399 2401
3 2402 2403 2404
3 2405 1652 2406
3 2407 2408 2409
3 2410 2411 2412
3 2413 2414 2410
3 2415 1649 2416
3 2417 1645 2418
3 2419 1646 2417
3 2420 1646 2421
3 2422 1642 2423
3 2424 2425 2426
3 2427 2425 2428
3 2429 2430 2431
3 2432 2433 2434
3 2435 2436 2437
3 2438 2439 2440
3 2441 2442 2443
3 2444 2445 2446
3 1632 2447 2448
3 2449 2450 2451
3 2452 2453 2454
3 2455 2456 2457
3 2458 2459 2460
3 2458 2461 2462
3 2463 2464 2465
3 2466 2467 2468
3 2466 2469 2470
3 2471 2472 2473
3 2474 2475 2476
3 2474 2477 2478
3 1620 2479 2480
3 2481 2480 2482
3 2483 2484 2485
3 2486 2487 2488
3 2489 1619 2490
3 2491 2492 2493
3 2494 2495 2496
3 2497 1616 2498
3 2499 2500 2501
3 2502 1612 2503
3 2504 1613 2502
3 2505 1613 2506
3 2507 1609 2508
3 2509 1610 2507
3 2510 1610 2511
3 2512 2513 2514
3 2515 2516 2517
3 2518 2519 2520
3 2521 2522 2523
3 2524 2525 2526
3 2527 2528 2529
3 2530 2531 2532
3 2533 2534 2535
3 2536 2537 2538
3 2539 2540 2541
3 2542 2543 2544
3 2545 2546 2547
3 1593 2548 2549
3 2550 2551 2552
3 2550 2553 2554
3 2555 2556 2557
3 2558 2559 2560
3 2558 2561 2562
3 1587 2563 2564
3 2565 2566 2567
3 2565 2568 2569
3 2570 2571 2572
3 2573 2574 2575
3 2576 2577 2570
3 2578 2579 2580
3 2581 2582 2583
3 2584 2585 2586
3 2587 2588 2589
3 2590 2591 2592
3 2593 2594 2595
3 2596 1576 2597
3 2598 1577 2596
3 2599 1577 2600
3 2601 1573 2602
3 2603 1574 2601
3 2604 1574 2605
3 2606 2607 2608
3 2609 2610 2606
3 2611 2610 2612
3 2613 2614 2615
3 2616 2617 2618
3 2619 1568 2620
3 2621 2622 2623
3 2624 2625 2626
3 2627 2628 1563
3 1560 2629 2630
3 2631 2632 2633
3 2631 2634 2635
3 1557 2636 2637
3 2638 2639 2640
3 2641 2642 2643
3 1554 2644 2645
3 2646 2647 2648
3 2646 2649 2650
3 2651 2652 2653
3 2654 2655 2656
3 2657 2658 2659
3 2660 2661 2662
3 2663 2664 2665
3 2666 2667 2668
3 2669 2670 2671
3 2672 2673 2674
3 2675 2676 2677
3 2678 1543 2679
3 2680 2681 2682
3 2683 1544 2684
3 2685 1540 2686
3 2687 1541 2685
3 2688 1541 2689
3 2690 1537 2691
3 2692 1538 2690
3 2693 1538 2694
3 2695 2696 2697
3 2698 2699 2695
3 2700 1535 2701
3 2702 2703 2704
3 2705 2706 2707
3 2708 2709 2710
3 2711 2712 2713
3 2714 2715 2716
3 2717 2718 2719
3 2720 2721 2722
3 2723 2724 2725
3 2726 2727 2728
3 1521 2729 2730
3 2731 2732 2733
3 2731 2734 2735
3 1518 2736 2737
3 2738 2739 2740
3 2741 2742 2743
3 2744 2745 2746
3 2747 2746 2748
3 2747 2749 2744
3 2750 2751 2752
3 2753 2754 2755
3 2756 2757 2758
3 2759 2760 2761
3 2762 1511 2763
3 2764 2765 2766
3 2767 2768 2769
3 2770 1508 2771
3 2772 2773 2774
3 2775 1504 2776
3 2777 1505 2775
3 2778 1505 2779
3 2780 1501 2781
3 2782 1502 2780
3 2783 1502 2784
3 2785 1498 2786
3 2787 2788 2789
3 2790 2791 2792
3 2793 1495 2794
3 2795 2796 2797
3 2798 1496 2799
3 2800 2801 2802
3 2803 2804 2805
3 2803 2806 1491
3 2807 2808 2809
3 2810 2811 2812
3 2810 2813 2814
3 1485 2815 2816
3 2817 2818 2819
3 2817 2820 2821
3 1482 2822 2823
3 2824 2825 2826
3 2824 2827 2828
3 1479 2829 2830
3 2831 2832 2833
3 2831 2834 2835
3 2836 2837 2838
3 2839 2840 2841
3 2842 2843 2844
3 2845 1474 2846
3 2847 2848 2849
3 2850 1475 2851
3 2852 2853 2854
3 2855 1472 2856
3 2857 2858 2859
3 2860 2861 2862
3 2863 2864 2865
3 2866 2867 2868
3 2869 2870 2871
3 2872 1466 2873
3 2874 1466 2875
3 2876 2877 2878
3 2879 2880 2881
3 2882 2883 2884
3 2885 1459 2886
3 2887 1460 2885
3 2888 2889 2890
3 2891 2892 2893
3 2894 2893 2895
3 2894 2896 2891
3 2897 2898 2899
3 2900 2901 2902
3 2900 2903 2904
3 2905 2906 2907
3 2908 2909 2910
3 2908 2911 2912
3 2913 2914 2915
3 2916 2917 2918
3 2919 2920 2921
3 2922 2923 2924
3 2925 2926 2927
3 2928 2929 2930
3 2931 2932 2933
3 2934 2935 2936
3 2934 2937 1440
3 2938 2939 2940
3 2941 2942 2943
3 2944 2945 2946
3 2947 2948 2949
3 2950 2951 2947
3 2952 2953 2954
3 2955 2956 2957
3 2958 2959 2955
3 2960 2961 2962
3 2963 1429 2964
3 2965 1430 2963
3 2966 1430 2967
3 2968 2969 2970
3 2971 2972 2973
3 2974 2975 2976
3 2977 2978 2979
3 2980 2981 2982
3 2983 2984 2985
3 2986 2987 2988
3 2989 2990 2991
3 2992 2993 2994
3 2995 2996 2997
3 2998 2999 3000
3 3001 3002 3003
3 1413 3004 3005
3 3006 3007 3008
3 3009 3010 3011
3 3012 3013 3014
3 3015 3016 3017
3 3015 3018 3019
3 3020 3021 3022
3 3023 3024 3025
3 3026 3027 3028
3 3029 3030 3031
3 3032 3033 3034
3 3035 3036 3037
3 3038 3039 3040
3 3041 3042 3043
3 3044 3045 3046
3 3047 3048 3049
3 3050 3051 3052
3 3053 3054 3055
3 3056 1396 3057
3 3058 1397 3056
3 3059 1397 3060
3 3061 1393 3062
3 3063 1394 3061
3 3064 1394 3065
3 3066 3067 3068
3 3069 3070 3071
3 3072 3070 3073
3 3074 3075 3076
3 3077 3078 3079
3 3080 3081 3082
3 3083 3084 3085
3 3086 3087 3088
3 3089 3090 3091
3 1380 3092 3093
3 3094 3095 3096
3 3097 3098 3099
3 3100 3101 3102
3 3103 3104 3105
3 3103 3106 3107
3 1374 3108 3109
3 3110 3111 3112
3 3110 3113 3114
3 3115 3116 3117
3 3118 3119 3120
3 3121 3122 3123
3 3124 3125 3126
3 3127 3128 3129
3 3130 3131 3132
3 3133 3134 3135
3 3136 3137 3133
3 3138 3139 3140
3 3141 3142 3143
3 3144 3145 3146
3 3147 1364 3148
3 3149 1360 3150
3 3151 1361 3149
3 3152 1361 3153
3 3154 1357 3155
3 3156 1358 3154
3 3157 1358 3158
3 3159 3160 3161
3 3162 3163 3159
3 3164 3165 3166
3 3167 1351 3168
3 3169 3170 3171
3 3172 1352 3173
3 3174 3175 3176
3 3177 3178 3179
3 3177 3180 1347
3 3181 3182 3183
3 3184 3185 3186
3 3187 3188 3189
3 3190 3191 3192
3 3193 3194 3195
3 3193 3196 3197
3 1338 3198 3199
3 3200 3201 3202
3 3203 3204 3205
3 3206 3207 3208
3 3209 3210 3211
3 3212 3213 3214
3 3215 3216 3217
3 3218 3217 3219
3 3220 3221 3222
3 3223 3224 3225
3 3226 3227 3228
3 3229 3230 3231
3 3232 3233 3234
3 3235 3236 3237
3 3238 3236 3239
3 3240 1324 3241
3 3242 1325 3240
3 3243 1325 3244
3 3245 1321 3246
3 3247 1322 3245
3 3248 1322 3249
3 3250 1318 3251
3 3252 1319 3250
3 3253 3254 3255
3 3256 3257 3258
3 3259 3260 3261
3 3262 3263 3264
3 3265 3266 3267
3 3268 3269 3270
3 3271 3272 3273
3 3274 3275 3276
3 3277 3278 3279
3 3280 3281 3282
3 1305 3283 3284
3 3285 3286 3287
3 3288 3289 3290
3 3291 3292 3293
3 3294 3295 3296
3 3294 3297 3298
3 3299 3300 3301
3 3302 3303 3304
3 3305 3306 3307
3 3308 3309 3310
3 3311 3312 3313
3 3314 3315 3316
3 3317 3318 3319
3 3320 3321 3322
3 3323 3324 3325
3 3326 3327 3328
3 3329 3330 3331
3 3332 3330 3333
3 3334 1288 3335
3 3336 1289 3334
3 3337 1289 3338
3 3339 1285 3340
3 3341 1286 3339
3 3342 1286 3343
3 3344 3345 3346
3 3347 3348 3349
3 3350 3351 3352
3 3353 3354 3355
3 3356 3357 3358
3 3359 3360 3361
3 3362 3363 3364
3 3365 3366 3367
3 3368 3369 3370
3 3371 3372 3373
3 3374 3375 3376
3 3374 3377 3378
3 3379 3380 3381
3 3382 3383 3384
3 3385 3386 3387
3 3388 3389 3390
3 3391 3392 3393
3 3391 3394 3395
3 1263 3396 3397
3 3398 3399 3400
3 3401 3402 3403
3 3404 3405 3406
3 3407 3408 3409
3 3410 3411 3412
3 3413 3414 3415
3 3416 3417 3413
3 3418 3417 3419
3 3420 1255 3421
3 3422 1256 3420
3 3423 3424 3425
3 3426 1252 3427
3 3428 1253 3426
3 3429 1253 3430
3 3431 1249 3432
3 3433 1250 3431
3 3434 1250 3435
3 3436 3437 3438
3 3439 3440 3436
3 3441 3442 3443
3 3444 1243 3445
3 3446 1244 3444
3 3447 1244 3448
3 1239 3449 3450
3 3451 3450 3452
3 3451 3453 1239
3 1236 3454 3455
3 3456 3457 3458
3 3456 3459 3460
3 3461 3462 3463
3 3464 3465 3466
3 3464 3467 3468
3 1230 3469 3470
3 3471 3472 3473
3 3474 3475 3476
3 1227 3477 3478
3 3479 3480 3481
3 3479 3482 3483
3 1224 3484 3485
3 3486 3487 3488
3 3489 3490 3491
3 3492 3493 3494
3 3495 3496 3492
3 3497 3498 3499
3 3500 3501 3502
3 3503 3504 3500
3 3505 3504 3506
3 3507 3508 3509
3 3510 3511 3507
3 3512 3511 3513
3 3514 1213 3515
3 3516 1214 3514
3 3517 1214 3518
3 3519 1210 3520
3 3521 3522 3523
3 3524 3525 3526
3 3527 3528 3529
3 3530 3531 3527
3 3532 1208 3533
3 3534 3535 3536
3 3537 3536 3538
3 3539 3540 1203
3 3541 3542 3543
3 3544 3545 3546
3 3544 3547 3548
3 3549 3550 3551
3 3552 3553 3554
3 3555 3556 3557
3 1194 3558 3559
3 3560 3561 3562
3 3560 3563 3564
3 1191 3565 3566
3 3567 3568 3569
3 3567 3570 3571
3 3572 3573 3574
3 3575 3574 3576
3 3577 3578 3579
3 3580 3581 3582
3 3583 3584 3585
3 3586 1187 3587
3 3588 3589 3590
3 3591 3592 3593
3 3594 3595 3596
3 3597 1180 3598
3 3599 1181 3597
3 3600 1181 3601
3 3602 1177 3603
3 3604 1178 3602
3 3605 1178 3606
3 3607 3608 3609
3 3610 3611 3607
3 3612 1175 3613
3 3614 3615 3616
3 3617 3618 3619
3 3620 3621 3622
3 3623 3624 3625
3 3626 3627 3628
3 3629 3630 3631
3 1164 3632 3633
3 3634 3635 3636
3 3634 3637 3638
3 1161 3639 3640
3 3641 3642 3643
3 3644 3645 3646
3 3647 3648 3649
3 3650 3651 3652
3 3650 3653 3654
3 3655 3656 3657
3 3658 3659 3660
3 3658 3661 3662
3 3663 3664 3665
3 3666 3667 3668
3 3669 3670 1152
3 3671 3672 3673
3 3674 3675 3676
3 3677 3675 3678
3 3679 3680 3681
3 3682 1148 3683
3 3684 1148 3685
3 3686 1144 3687
3 3688 1145 3686
3 3689 1145 3690
3 3691 1141 3692
3 3693 1142 3691
3 3694 1142 3695
3 3696 1138 3697
3 3698 3699 3700
3 3701 1139 3702
3 3703 1135 3704
3 3705 3706 3707
3 3708 3706 3709
3 1131 3710 3711
3 3712 3713 3714
3 3712 3715 3716
3 3717 3718 3719
3 3720 3721 3722
3 3723 3724 3725
3 1125 3726 3727
3 3728 3729 3730
3 3731 3732 3733
3 3734 3735 3736
3 3737 3738 3739
3 3737 3740 3741
3 1119 3742 3743
3 3744 3745 3746
3 3744 3747 3748
3 1116 3749 3750
3 3751 3752 3753
3 3754 3755 3756
3 3757 3758 3759
3 3760 3761 3762
3 3763 3764 3765
3 3766 3767 3768
3 3769 3770 3766
3 3771 3770 3772
3 3773 1108 3774
3 3775 1109 3773
3 3776 1109 3777
3 3778 1105 3779
3 3780 1106 3778
3 3781 1106 3782
3 3783 3784 3785
3 3786 3787 3788
3 3789 1103 3790
3 3791 3792 3793
3 3794 1100 3795
3 3796 3797 3798
3 3799 3800 3801
3 3802 3803 3804
3 3805 3806 3799
3 3807 3808 3809
3 3810 3811 3812
3 3813 3814 3815
3 3816 3817 3818
3 3819 3820 3821
3 3819 3822 3823
3 1086 3824 3825
3 3826 3827 3828
3 3826 3829 3830
3 1083 3831 3832
3 3833 3834 3835
3 3836 3837 3838
3 3839 3840 3841
3 3842 3843 3844
3 3845 3846 3847
3 3848 3849 3850
3 3851 1079 3852
3 3853 3854 3855
3 3856 3857 3858
3 3859 3860 3861
3 3862 1076 3863
3 3864 1072 3865
3 3866 1073 3864
3 3867 1073 3868
3 3869 1069 3870
3 3871 1070 3869
3 3872 1070 3873
3 3874 3875 3876
3 3877 1067 3878
3 3879 3880 3881
3 3882 3883 3884
3 3885 1064 3886
3 3887 3888 3889
3 3890 3891 3892
3 3893 3894 3895
3 3896 3897 3890
3 3898 3899 3900
3 3901 3902 3903
3 3901 3904 3905
3 1053 3906 3907
3 3908 3909 3910
3 3908 3911 3912
3 1050 3913 3914
3 3915 3916 3917
3 3915 3918 3919
3 3920 3921 3922
3 3923 3924 3925
3 3926 3927 3928
3 3929 3930 3931
3 3932 3933 3934
3 3935 3936 3929
3 3937 3938 3939
3 3940 3941 3942
3 3943 3944 3945
3 3946 3947 3948
3 3949 3950 3951
3 3952 3953 3954
3 3955 3956 3957
3 3958 3959 3960
3 3961 3959 3962
3 3963 3964 3965
3 3966 3967 3963
3 3968 3967 3969
3 3970 3971 3972
3 3973 3974 3970
3 3975 3976 3977
3 3978 3979 3980
3 3981 3982 3983
3 3984 3985 3986
3 3987 3988 3989
3 3990 3991 3992
3 3993 3994 3995
3 1020 3996 3997
3 3998 3999 4000
3 4001 4002 4003
3 1017 4004 4005
3 4006 4007 4008
3 4009 4010 4011
3 4012 4013 4014
3 4015 4016 4017
3 4018 4019 4020
3 4021 4022 4023
3 4024 4025 4026
3 4027 4028 4029
3 4030 4031 4032
3 4033 4034 4035
3 4036 4037 4038
3 4039 4040 4041
3 4042 4043 4044
3 4045 4046 4047
3 4048 4049 4050
3 4051 4052 4053
3 4054 4055 4056
3 4057 4058 4059
3 4060 4061 4057
3 4062 4061 4063
3 4064 4065 4066
3 4067 4068 4064
3 4069 998 4070
3 4071 4072 4073
3 4074 4075 4071
3 4076 4077 4078
3 4079 4080 4081
3 4082 4083 4084
3 4085 992 4086
3 4087 4088 4089
3 4090 4091 4092
3 4093 4094 987
3 984 4095 4096
3 4097 4098 4099
3 4100 4101 4102
3 981 4103 4104
3 4105 4106 4107
3 4105 4108 4109
3 4110 4111 4112
3 4113 4114 4115
3 4113 4116 4117
3 4118 4119 4120
3 4121 4122 4123
3 4124 4125 4126
3 4127 4128 4129
3 4130 4131 4132
3 4133 4134 4135
3 4136 4137 4138
3 4139 971 4140
3 4141 4142 4143
3 4144 967 4145
3 4146 4147 4148
3 4149 968 4150
3 4151 964 4152
3 4153 965 4151
3 4154 965 4155
3 4156 961 4157
3 4158 962 4156
3 4159 962 4160
3 4161 4162 4163
3 4164 4165 4166
3 4167 959 4168
3 4169 4170 4171
3 4172 956 4173
3 4174 956 4175
3 951 4176 4177
3 4178 4179 4180
3 4181 4182 951
3 948 4183 4184
3 4185 4186 4187
3 4185 4188 4189
3 945 4190 4191
3 4192 4193 4194
3 4192 4195 4196
3 942 4197 4198
3 4199 4200 4201
3 4199 4202 4203
3 939 4204 4205
3 4206 4207 4208
3 4206 4209 4210
3 4211 4212 4213
3 4214 4215 4216
3 4217 4218 4211
3 4219 4220 4221
3 4222 4223 4224
3 4225 4226 4227
3 4228 4229 4230
3 4231 4232 4233
3 4234 932 4235
3 4236 928 4237
3 4238 929 4236
3 4239 929 4240
3 4241 925 4242
3 4243 926 4241
3 4244 926 4245
3 4246 4247 4248
3 4249 4250 4246
3 4251 4250 4252
3 4253 4254 4255
3 4256 4257 4258
3 4259 4260 4261
3 4262 4263 4264
3 4265 4266 4267
3 4268 4269 4270
3 912 4271 4272
3 4273 4274 4275
3 4276 4277 4278
3 4279 4280 4281
3 4282 4283 4284
3 4282 4285 4286
3 906 4287 4288
3 4289 4290 4291
3 4292 4293 4294
3 4295 4296 4297
3 4298 4299 4300
3 4301 4302 4303
3 4304 4305 4306
3 4307 4308 4309
3 4310 4311 4312
3 4313 4314 4315
3 4316 4317 4318
3 4319 899 4320
3 4321 4322 4323
3 4324 4325 4326
3 4327 4328 4329
3 4330 892 4331
3 4332 893 4330
3 4333 893 4334
3 4335 889 4336
3 4337 890 4335
3 4338 890 4339
3 4340 4341 4342
3 4343 4344 4345
3 4346 887 4347
3 4348 4349 4350
3 4351 4352 4353
3 4354 4355 4356
3 4357 4358 4359
3 4360 4361 4362
3 4363 4364 4365
3 4366 4367 4368
3 4369 4370 4371
3 4369 4372 4373
3 873 4374 4375
3 4376 4377 4378
3 4379 4380 4381
3 4382 4383 4384
3 4385 4386 4387
3 4385 4388 4389
3 4390 4391 4392
3 4393 4394 4395
3 4393 4396 4397
3 4398 4399 4400
3 4401 4402 4403
3 4404 4405 864
3 4406 862 4407
3 4408 863 4406
3 4409 863 4410
3 4411 4412 4413
3 4414 4415 4416
3 4417 4418 4419
3 4420 856 4421
3 4422 857 4420
3 4423 857 4424
3 4425 853 4426
3 4427 854 4425
3 4428 854 4429
3 4430 4431 4432
3 4433 4434 4430
3 4435 851 4436
3 4437 4438 4439
3 4440 4441 4442
3 4443 4441 4444
3 843 4445 4446
3 4447 4448 4449
3 4450 4451 4452
3 4453 4454 4455
3 4456 4457 4458
3 4456 4459 4460
3 837 4461 4462
3 4463 4464 4465
3 4466 4467 4468
3 834 4469 4470
3 4471 4472 4473
3 4474 4475 4476
3 831 4477 4478
3 4479 4480 4481
3 4479 4482 4483
3 828 4484 4485
3 4486 4485 4487
3 4486 4488 828
3 4489 826 4490
3 4491 4492 4493
3 4494 827 4495
3 4496 4497 4498
3 4499 4500 4496
3 4501 824 4502
3 4503 820 4504
3 4505 4506 4507
3 4508 821 4509
3 4510 817 4511
3 4512 818 4510
3 4513 818 4514
3 4515 814 4516
3 4517 4518 4519
3 4520 4521 4522
3 4523 4524 4525
3 4526 4527 4528
3 4529 4530 4531
3 4532 4533 4534
3 4535 4536 4537
3 4538 4539 4540
3 4541 4542 4543
3 4544 4545 4546
3 4544 4547 4548
3 4549 4550 4551
3 4552 4553 4554
3 4552 4555 4556
3 798 4557 4558
3 4559 4560 4561
3 4562 4563 4564
3 795 4565 4566
3 4567 4568 4569
3 4570 4571 4572
3 4573 4574 4575
3 4576 4577 4578
3 4576 4579 792
3 4580 4581 4582
3 4583 4584 4585
3 4586 4584 4587
3 4588 4589 4590
3 4591 4592 4593
3 4594 4595 4596
3 4597 784 4598
3 4599 785 4597
3 4600 785 4601
3 4602 781 4603
3 4604 782 4602
3 4605 782 4606
3 4607 778 4608
3 4609 4610 4611
3 4612 4610 4613
3 4614 775 4615
3 4616 776 4614
3 4617 4618 4619
3 4620 4621 4622
3 4623 4622 4624
3 4623 4625 4620
3 4626 4627 4628
3 4629 4630 4631
3 4629 4632 4633
3 765 4634 4635
3 4636 4637 4638
3 4636 4639 4640
3 762 4641 4642
3 4643 4644 4645
3 4643 4646 4647
3 759 4648 4649
3 4650 4651 4652
3 4653 4654 4655
3 756 4656 4657
3 4658 4659 4660
3 4661 4662 4663
3 4664 4665 4666
3 4667 4668 4669
3 4670 755 4671
3 4672 4673 4674
3 4675 4676 4677
3 4678 4676 4679
3 4680 748 4681
3 4682 749 4680
3 4683 749 4684
3 4685 745 4686
3 4687 746 4685
3 4688 746 4689
3 4690 742 4691
3 4692 743 4690
3 4693 743 4694
3 4695 4696 4697
3 4698 4699 4700
3 4701 4702 4703
3 4704 4705 4706
3 4707 4708 4709
3 4710 4711 4712
3 732 4713 4714
3 4715 4716 4717
3 4715 4718 4719
3 4720 4721 4722
3 4723 4724 4725
3 4726 4727 4728
3 4729 4730 4731
3 4732 4733 4734
3 4732 4735 4736
3 723 4737 4738
3 4739 4740 4741
3 4739 4742 4743
3 4744 4745 4746
3 4747 4748 4749
3 4750 4751 720
3 4752 4753 4754
3 4755 4756 4757
3 4758 4759 4760
3 4761 4762 4763
3 4764 4765 4766
3 4767 4768 4769
3 4770 712 4771
3 4772 713 4770
3 4773 713 4774
3 4775 709 4776
3 4777 710 4775
3 4778 710 4779
3 4780 706 4781
3 4782 4783 4784
3 4785 4786 4787
3 4788 4789 4790
3 4791 4792 4793
3 4794 704 4795
3 4796 4797 4798
3 4799 4800 4801
3 4802 4803 699
3 4804 4805 4806
3 4807 4808 4809
3 4807 4810 4811
3 693 4812 4813
3 4814 4815 4816
3 4814 4817 4818
3 4819 4820 4821
3 4822 4823 4824
3 4822 4825 4826
3 4827 4828 4829
3 4830 4831 4832
3 4833 4834 4835
3 4836 4837 4838
3 4839 4840 4841
3 4842 4843 4844
3 4845 4846 4847
3 4848 4849 4850
3 4851 4852 4853
3 4854 4855 4856
3 4857 4858 4854
3 4859 680 4860
3 4861 676 4862
3 4863 677 4861
3 4864 677 4865
3 4866 673 4867
3 4868 674 4866
3 4869 674 4870
3 4871 4872 4873
3 4874 4875 4876
3 4877 671 4878
3 4879 4880 4881
3 4882 4883 4884
3 4885 4886 4887
3 4888 4889 4890
3 4891 4892 4893
3 4894 4895 4896
3 4897 4898 4899
3 4900 4901 4902
3 4900 4903 4904
3 4905 4906 4907
3 4908 4909 4910
3 4908 4911 4912
3 654 4913 4914
3 4915 4916 4917
3 4918 4919 4920
3 4921 4922 4923
3 4924 4925 4926
3 4927 4928 4929
3 4930 4931 4932
3 4933 4934 4935
3 4936 4937 4938
3 4939 4940 4941
3 4942 4943 4944
3 4945 4946 4947
3 4948 4949 4950
3 4951 4952 4953
3 4954 644 4955
3 4956 640 4957
3 4958 641 4956
3 4959 641 4960
3 4961 637 4962
3 4963 638 4961
3 4964 638 4965
3 4966 4967 4968
3 4969 635 4970
3 4971 4972 4973
3 4974 4975 4976
3 4977 632 4978
3 4979 4980 4981
3 4982 4983 4984
3 4985 4986 4987
3 4988 4989 4982
3 4990 4991 4992
3 4993 4994 4995
3 4996 4997 4998
3 621 4999 5000
3 5001 5002 5003
3 5001 5004 5005
3 618 5006 5007
3 5008 5009 5010
3 5008 5011 5012
3 5013 5014 5015
3 5016 5017 5018
3 5019 5020 5021
3 5022 5023 5024
3 5025 5026 5027
3 5028 5029 5030
3 5031 5032 5033
3 5034 5035 5036
3 5037 5038 5039
3 5040 5041 5042
3 5043 5044 5045
3 5046 5047 5048
3 5049 5050 5051
3 5052 5053 5054
3 5055 5053 5056
3 5057 5058 5059
3 5060 5061 5057
3 5062 5061 5063
3 5064 5065 5066
3 5067 5068 5064
3 5069 5070 5071
3 5072 5073 5074
3 5075 5076 5077
3 5078 5079 5080
3 5081 5082 5083
3 5084 5085 5086
3 5087 5088 5089
3 588 5090 5091
3 5092 5093 5094
3 5095 5096 5097
3 585 5098 5099
3 5100 5101 5102
3 5103 5104 5105
3 5106 5107 5108
3 5109 5110 5111
3 5112 5113 5114
3 5115 5116 5117
3 5118 5119 5120
3 5121 5122 5123
3 5124 5125 5126
3 5127 5128 5129
3 5130 5131 5132
3 5133 5134 5135
3 5136 575 5137
3 5138 5139 5140
3 5141 5142 5143
3 5144 5145 5141
3 5146 5147 5148
3 5149 5150 5151
3 5152 5153 5149
3 5154 5155 5156
3 5157 565 5158
3 5159 566 5157
3 5160 566 5161
3 5162 5163 5164
3 5165 5166 5167
3 5168 5166 5169
3 5170 559 5171
3 5172 560 5170
3 5173 5174 5175
3 5176 5177 5178
3 5179 5178 5180
3 5179 5181 5176
3 552 5182 5183
3 5184 5185 5186
3 5187 5188 5189
3 5190 5191 5192
3 5193 5194 5195
3 5193 5196 5197
3 5198 5199 5200
3 5201 5202 5203
3 5204 5205 5206
3 5207 5208 5209
3 5210 5211 5212
3 5210 5213 5214
3 5215 5216 5217
3 5218 5219 5220
3 5221 5222 5215
3 5223 5224 5225
3 5226 5227 5228
3 5229 539 5230
3 5231 5232 5233
3 5234 5235 5236
3 5237 536 5238
3 5239 532 5240
3 5241 533 5239
3 5242 533 5243
3 5244 529 5245
3 5246 530 5244
3 5247 530 5248
3 5249 5250 5251
3 5252 527 5253
3 5254 527 5255
3 5256 523 5257
3 5258 524 5256
3 5259 5260 5261
3 519 5262 5263
3 5264 5265 5266
3 5264 5267 5268
3 516 5269 5270
3 5271 5272 5273
3 5274 5275 5276
3 513 5277 5278
3 5279 5280 5281
3 5279 5282 5283
3 510 5284 5285
3 5286 5287 5288
3 5289 5290 5291
3 507 5292 5293
3 5294 5295 5296
3 5297 5298 5299
3 5300 5301 5302
3 5303 5304 5305
3 5306 5307 504
3 5308 5309 5310
3 5311 5312 5313
3 5314 5315 5316
3 5317 499 5318
3 5319 500 5317
3 5320 500 5321
3 5322 496 5323
3 5324 497 5322
3 5325 497 5326
3 5327 493 5328
3 5329 494 5327
3 5330 494 5331
3 5332 5333 5334
3 5335 5336 5332
3 5337 5338 5339
3 5340 5341 5342
3 5343 5344 5345
3 5346 5344 5347
3 483 5348 5349
3 5350 5351 5352
3 5353 5354 5355
3 5356 5357 5358
3 5359 5360 5361
3 5362 5363 5364
3 5365 5366 5367
3 5368 5369 5370
3 5368 5371 5372
3 474 5373 5374
3 5375 5376 5377
3 5378 5379 5380
3 471 5381 5382
3 5383 5384 5385
3 5383 5386 5387
3 5388 5389 5390
3 5391 5392 5393
3 5394 5395 5396
3 5397 5398 5399
3 5400 5401 5402
3 5403 5404 5405
3 5406 5407 5408
3 5409 5410 5411
3 5412 5413 5414
3 5415 460 5416
3 5417 461 5415
3 5418 461 5419
3 5420 457 5421
3 5422 458 5420
3 5423 458 5424
3 5425 5426 5427
3 5428 5429 5430
3 5431 5432 5433
3 5434 5435 5436
3 5437 5438 5434
3 5439 5440 5441
3 5442 5443 5444
3 5445 5444 5446
3 5447 5448 5449
3 5450 5451 5452
3 5453 5454 5455
3 5453 5456 5457
3 441 5458 5459
3 5460 5461 5462
3 5463 5464 5465
3 438 5466 5467
3 5468 5469 5470
3 5468 5471 5472
3 5473 5474 5475
3 5476 5477 5478
3 5479 5480 5481
3 5482 5483 5484
3 5485 5486 5487
3 5488 5489 5490
3 5491 430 5492
3 5493 5494 5495
3 5496 5497 5498
3 5499 5500 5501
3 5502 5503 5499
3 5504 428 5505
3 5506 424 5507
3 5508 425 5506
3 5509 425 5510
3 5511 421 5512
3 5513 422 5511
3 5514 422 5515
3 5516 5517 5518
3 5519 5520 5521
3 5522 5520 5523
3 5524 415 5525
3 5526 5527 5528
3 5529 5527 5530
3 411 5531 5532
3 5533 5534 5535
3 5533 5536 5537
3 5538 5539 5540
3 5541 5542 5543
3 5541 5544 5545
3 5546 5547 5548
3 5549 5550 5551
3 5552 5553 5554
3 5555 5556 5557
3 5558 5559 5560
3 5561 5562 5563
3 399 5564 5565
3 5566 5567 5568
3 5569 5570 5571
3 5572 5573 5574
3 5575 5576 5577
3 5575 5578 5579
3 5580 5581 5582
3 5583 5584 5585
3 5586 5584 5587
3 5588 391 5589
3 5590 392 5588
3 5591 5592 5593
3 5594 388 5595
3 5596 389 5594
3 5597 389 5598
3 5599 385 5600
3 5601 386 5599
3 5602 386 5603
3 5604 5605 5606
3 5607 5608 5604
3 5609 5610 5611
3 5612 5613 5614
3 5615 5616 5617
3 5618 380 5619
3 5620 5621 5622
3 5623 5624 5625
3 5626 5627 375
3 372 5628 5629
3 5630 5631 5632
3 5633 5634 5635
3 369 5636 5637
3 5638 5639 5640
3 5638 5641 5642
3 366 5643 5644
3 5645 5646 5647
3 5645 5648 5649
3 363 5650 5651
3 5652 5653 5654
3 5655 5656 5657
3 360 5658 5659
3 5660 5661 5662
3 5663 5664 5665
3 5666 5667 5668
3 5669 5670 5666
3 5671 5672 5673
3 5674 5675 5676
3 5677 5678 5679
3 5680 5678 5681
3 5682 352 5683
3 5684 353 5682
3 5685 353 5686
3 5687 349 5688
3 5689 350 5687
3 5690 350 5691
3 5692 5693 5694
3 5695 5696 5697
3 5698 5699 5700
3 5701 343 5702
3 5703 344 5701
3 5704 344 5705
3 339 5706 5707
3 5708 5707 5709
3 5708 5710 339
3 5711 5712 5713
3 5714 5715 5716
3 5714 5717 5718
3 333 5719 5720
3 5721 5722 5723
3 5721 5724 5725
3 330 5726 5727
3 5728 5729 5730
3 5731 5732 5733
3 327 5734 5735
3 5736 5737 5738
3 5736 5739 5740
3 5741 5742 5743
3 5744 5743 5745
3 5746 5747 5748
3 5749 322 5750
3 5751 5752 5753
3 5754 5755 5756
3 5757 319 5758
3 5759 5760 5761
3 5762 5763 5764
3 5765 316 5766
3 5767 317 5765
3 5768 317 5769
3 5770 313 5771
3 5772 314 5770
3 5773 314 5774
3 5775 310 5776
3 5777 5778 5779
3 5780 5778 5781
3 5782 5783 5784
3 5785 5786 5782
3 5787 308 5788
3 5789 5790 5791
3 5792 5791 5793
3 5794 5795 303
3 5796 5797 5798
3 5799 5800 5801
3 5799 5802 5803
3 5804 5805 5806
3 5807 5808 5809
3 5810 5811 5812
3 294 5813 5814
3 5815 5816 5817
3 5815 5818 5819
3 291 5820 5821
3 5822 5823 5824
3 5825 5826 5827
3 5828 5829 5830
3 5831 5832 5833
3 5831 5834 5835
3 5836 5837 5838
3 5839 5840 5841
3 5842 5843 5844
3 5845 5846 5847
3 5848 5849 5850
3 5851 5852 5853
3 5854 280 5855
3 5856 5857 5858
3 5859 281 5860
3 5861 277 5862
3 5863 278 5861
3 5864 278 5865
3 5866 5867 5868
3 5869 5870 5871
3 5872 5870 5873
3 5874 5875 5876
3 5877 5878 5874
3 5879 5878 5880
3 267 5881 5882
3 5883 5882 5884
3 5885 5886 5887
3 5888 5889 5890
3 5891 5892 5893
3 5894 5895 5896
3 261 5897 5898
3 5899 5900 5901
3 5902 5903 5904
3 258 5905 5906
3 5907 5908 5909
3 5907 5910 5911
3 5912 5913 5914
3 5915 5916 5917
3 5918 5919 5920
3 5921 5922 5923
3 5924 5925 5926
3 5927 5928 5929
3 5930 5931 5932
3 5933 251 5934
3 5935 5936 5937
3 5938 5939 5940
3 5941 5942 5943
3 5944 5945 5946
3 5947 244 5948
3 5949 245 5947
3 5950 245 5951
3 5952 241 5953
3 5954 242 5952
3 5955 242 5956
3 5957 5958 5959
3 5960 5961 5962
3 5963 239 5964
3 5965 5966 5967
3 5968 5969 5970
3 5971 5972 5973
3 5974 5975 5976
3 5977 5978 5979
3 5980 5981 5982
3 5983 5984 5985
3 5986 5987 5988
3 5989 5990 5991
3 225 5992 5993
3 5994 5995 5996
3 5994 5997 5998
3 222 5999 6000
3 6001 6002 6003
3 6004 6005 6006
3 6007 6008 6009
3 6010 6011 6012
3 6013 6014 6015
3 6016 6017 6018
3 6019 6020 6021
3 6022 6023 6016
3 6024 6025 6026
3 6027 6028 6029
3 6030 6031 6032
3 6033 211 6034
3 6035 212 6033
3 6036 212 6037
3 6038 208 6039
3 6040 209 6038
3 6041 209 6042
3 6043 205 6044
3 6045 206 6043
3 6046 206 6047
3 6048 202 6049
3 6050 203 6048
3 6051 6052 6053
3 6054 199 6055
3 6056 200 6054
3 6057 6058 6059
3 6060 6061 6062
3 6063 6062 6064
3 6063 6065 6060
3 6066 6067 6068
3 6069 6070 6071
3 6069 6072 6073
3 189 6074 6075
3 6076 6077 6078
3 6076 6079 6080
3 186 6081 6082
3 6083 6084 6085
3 6086 6087 6088
3 183 6089 6090
3 6091 6092 6093
3 6091 6094 6095
3 6096 6097 6098
3 6099 6100 6101
3 6102 6103 6104
3 6105 178 6106
3 6107 6108 6109
3 6110 179 6111
3 6112 6113 6114
3 6115 176 6116
3 6117 6118 6119
3 6120 6121 6122
3 6123 6124 6125
3 6126 6127 6128
3 6129 6130 6131
3 6132 170 6133
3 6134 170 6135
3 6136 6137 6138
3 6139 6140 6141
3 6142 6143 6144
3 6145 163 6146
3 6147 164 6145
3 6148 6149 6150
3 6151 6152 6153
3 6154 6153 6155
3 6154 6156 6151
3 6157 6158 6159
3 6160 6161 6162
3 6160 6163 6164
3 6165 6166 6167
3 6168 6169 6170
3 6168 6171 6172
3 6173 6174 6175
3 6176 6177 6178
3 6179 6180 6181
3 6182 6183 6184
3 6185 6186 6187
3 6188 6189 6190
3 6191 6192 6193
3 6194 6195 6196
3 6194 6197 144
3 144 6197 145
3 6182 6198 6199
3 150 6200 151
3 6201 6202 6203
3 156 6204 157
3 6151 6156 6205
3 162 6206 163
3 6207 6208 6137
3 168 6209 169
3 6210 6211 6121
3 6212 6213 6214
3 6215 6216 6217
3 6218 6219 6220
3 183 6221 184
3 186 6222 187
3 189 6223 190
3 6066 6224 6225
3 6060 6065 6226
3 198 6227 199
3 6228 6229 6230
3 204 6231 205
3 207 6232 208
3 6233 6234 6235
3 6236 6237 6238
3 6239 6240 6241
3 6242 6243 6244
3 222 6245 223
3 225 6246 226
3 6247 6248 6249
3 6250 6251 6252
3 6253 6254 6255
3 237 6256 238
3 240 6257 241
3 243 6258 244
3 6259 6260 6261
3 6262 6263 6264
3 5929 5928 6265
3 6266 6267 6268
3 6269 6270 6271
3 261 6272 262
3 6273 6274 6275
3 5887 5886 6276
3 6277 6278 6279
3 6280 6281 6282
3 276 6283 277
3 279 6284 280
3 6285 6286 6287
3 6288 6289 6290
3 5835 5834 6291
3 291 6292 292
3 294 6293 295
3 6294 6295 6296
3 300 6297 301
3 303 5795 304
3 6298 6299 5783
3 309 6300 310
3 312 6301 313
3 315 6302 316
3 318 6303 319
3 321 6304 322
3 5741 6305 6306
3 327 6307 328
3 330 6308 331
3 333 6309 334
3 336 6310 337
3 339 5710 340
3 6311 6312 6313
3 6314 6315 5693
3 348 6316 349
3 351 6317 352
3 6318 6319 6320
3 6321 6322 5667
3 5665 5664 6323
3 363 6324 364
3 366 6325 367
3 369 6326 370
3 372 6327 373
3 375 5627 376
3 6328 6329 5613
3 6330 6331 5605
3 384 6332 385
3 387 6333 388
3 390 6334 391
3 6335 6336 5581
3 5579 5578 6337
3 399 6338 400
3 402 6339 403
3 6340 6341 6342
3 408 6343 409
3 411 6344 412
3 6345 6346 6347
3 6348 6349 6350
3 420 6351 421
3 423 6352 424
3 6353 6354 6355
3 6356 6357 6358
3 5490 5489 6359
3 6360 6361 6362
3 6363 6364 6365
3 441 6366 442
3 6367 6368 6369
3 5449 5448 6370
3 6371 6372 6373
3 6374 6375 5426
3 456 6376 457
3 459 6377 460
3 6378 6379 6380
3 6381 6382 6383
3 5396 5395 6384
3 471 6385 472
3 474 6386 475
3 477 6387 478
3 5356 6388 6389
3 6390 6391 6392
3 6393 6394 6395
3 6396 6397 5333
3 492 6398 493
3 495 6399 496
3 6400 6401 6402
3 6403 6404 5309
3 6405 6406 6407
3 507 6408 508
3 510 6409 511
3 513 6410 514
3 516 6411 517
3 5268 5267 6412
3 522 6413 523
3 525 6414 526
3 528 6415 529
3 531 6416 532
3 534 6417 535
3 537 6418 538
3 6419 6420 6421
3 5207 6422 6423
3 546 6424 547
3 6425 6426 6427
3 6428 6429 6430
3 5176 5181 6431
3 558 6432 559
3 6433 6434 5163
3 6435 6436 6437
3 6438 6439 5150
3 6440 6441 6442
3 573 6443 574
3 6444 6445 6446
3 6447 6448 6449
3 5106 6450 6451
3 6452 6453 6454
3 6455 6456 6457
3 5089 5088 6458
3 6459 6460 5073
3 6461 6462 5065
3 6463 6464 5058
3 6465 6466 6467
3 6468 6469 6470
3 6471 6472 5032
3 5030 5029 6473
3 6474 6475 6476
3 618 6477 619
3 621 6478 622
3 4990 6479 6480
3 4982 4989 6481
3 6482 6483 6484
3 6485 6486 6487
3 636 6488 637
3 639 6489 640
3 6490 6491 6492
3 6493 6494 6495
3 6496 6497 6498
3 651 6499 652
3 654 6500 655
3 4905 6501 6502
3 6503 6504 6505
3 663 6506 664
3 6507 6508 6509
3 6510 6511 6512
3 672 6513 673
3 675 6514 676
3 678 6515 679
3 6516 6517 6518
3 6519 6520 6521
3 687 6522 688
3 690 6523 691
3 693 6524 694
3 6525 6526 6527
3 699 4803 700
3 6528 6529 6530
3 705 6531 706
3 708 6532 709
3 711 6533 712
3 6534 6535 6536
3 6537 6538 6539
3 720 4751 721
3 723 6540 724
3 4729 6541 6542
3 729 6543 730
3 6544 6545 6546
3 4712 4711 6547
3 738 6548 739
3 6549 6550 6551
3 744 6552 745
3 747 6553 748
3 6554 6555 6556
3 753 6557 754
3 756 6558 757
3 759 6559 760
3 762 6560 763
3 765 6561 766
3 768 6562 769
3 4620 4625 6563
3 774 6564 775
3 777 6565 778
3 780 6566 781
3 783 6567 784
3 6568 6569 4589
3 789 6570 790
3 4573 6571 6572
3 795 6573 796
3 798 6574 799
3 6575 6576 6577
3 804 6578 805
3 4532 6579 6580
3 6581 6582 6583
3 813 6584 814
3 816 6585 817
3 819 6586 820
3 822 6587 823
3 6588 6589 6590
3 828 4488 829
3 831 6591 832
3 834 6592 835
3 6593 6594 6595
3 6596 6597 6598
3 4452 4451 6599
3 6600 6601 6602
3 6603 6604 6605
3 852 6606 853
3 855 6607 856
3 858 6608 859
3 6609 6610 6611
3 864 4405 865
3 4390 6612 6613
3 6614 6615 6616
3 873 6617 874
3 876 6618 877
3 4365 4364 6619
3 6620 6621 6622
3 6623 6624 6625
3 888 6626 889
3 891 6627 892
3 894 6628 895
3 6629 6630 6631
3 6632 6633 6634
3 903 6635 904
3 906 6636 907
3 909 6637 910
3 912 6638 913
3 4262 6639 6640
3 918 6641 919
3 6642 6643 4247
3 924 6644 925
3 927 6645 928
3 6646 6647 6648
3 6649 6650 6651
3 4211 4218 6652
3 6653 6654 6655
3 942 6656 943
3 945 6657 946
3 948 6658 949
3 951 4182 952
3 6659 6660 6661
3 6662 6663 4162
3 960 6664 961
3 963 6665 964
3 6666 6667 6668
3 6669 6670 6671
3 4135 4134 6672
3 975 6673 976
3 4110 6674 6675
3 6676 6677 6678
3 6679 6680 6681
3 987 4094 988
3 6682 6683 4080
3 6684 6685 4072
3 6686 6687 4065
3 6688 6689 6690
3 1002 6691 1003
3 6692 6693 4040
3 6694 6695 6696
3 6697 6698 6699
3 4012 6700 6701
3 6702 6703 6704
3 6705 6706 6707
3 3995 3994 6708
3 6709 6710 3979
3 6711 6712 3971
3 6713 6714 3964
3 6715 6716 6717
3 6718 6719 6720
3 6721 6722 3938
3 3929 3936 6723
3 6724 6725 6726
3 1050 6727 1051
3 1053 6728 1054
3 3898 6729 6730
3 3890 3897 6731
3 6732 6733 6734
3 6735 6736 6737
3 1068 6738 1069
3 1071 6739 1072
3 6740 6741 6742
3 6743 6744 6745
3 3839 6746 6747
3 6748 6749 6750
3 6751 6752 6753
3 3816 6754 6755
3 1092 6756 1093
3 6757 6758 6759
3 6760 6761 6762
3 6763 6764 6765
3 1104 6766 1105
3 1107 6767 1108
3 6768 6769 6770
3 6771 6772 6773
3 3756 3755 6774
3 6775 6776 6777
3 1122 6778 1123
3 1125 6779 1126
3 1128 6780 1129
3 3716 3715 6781
3 6782 6783 6784
3 1137 6785 1138
3 1140 6786 1141
3 1143 6787 1144
3 6788 6789 3680
3 6790 6791 6792
3 1152 3670 1153
3 1155 6793 1156
3 3647 6794 6795
3 1161 6796 1162
3 1164 6797 1165
3 3631 3630 6798
3 1170 6799 1171
3 1173 6800 1174
3 1176 6801 1177
3 1179 6802 1180
3 6803 6804 6805
3 6806 6807 3581
3 3572 6808 6809
3 1191 6810 1192
3 1194 6811 1195
3 6812 6813 6814
3 1200 6815 1201
3 3534 6816 6817
3 6818 6819 6820
3 1209 6821 1210
3 1212 6822 1213
3 6823 6824 3508
3 1218 6825 1219
3 1221 6826 1222
3 3491 3490 6827
3 6828 6829 6830
3 1230 6831 1231
3 6832 6833 6834
3 6835 6836 6837
3 1239 3453 1240
3 6838 6839 6840
3 6841 6842 6843
3 1248 6844 1249
3 1251 6845 1252
3 6846 6847 6848
3 6849 6850 3414
3 6851 6852 6853
3 6854 6855 6856
3 3388 6857 6858
3 6859 6860 6861
3 1272 6862 1273
3 6863 6864 6865
3 6866 6867 3354
3 6868 6869 6870
3 1284 6871 1285
3 1287 6872 1288
3 6873 6874 3327
3 6875 6876 6877
3 6878 6879 6880
3 6881 6882 6883
3 1302 6884 1303
3 1305 6885 1306
3 6886 6887 6888
3 6889 6890 6891
3 6892 6893 6894
3 1317 6895 1318
3 1320 6896 1321
3 1323 6897 1324
3 6898 6899 6900
3 6901 6902 6903
3 3215 6904 6905
3 6906 6907 6908
3 1338 6909 1339
3 1341 6910 1342
3 6911 6912 6913
3 1347 3180 1348
3 6914 6915 6916
3 6917 6918 3160
3 1356 6919 1357
3 1359 6920 1360
3 1362 6921 1363
3 6922 6923 6924
3 6925 6926 6927
3 1371 6928 1372
3 1374 6929 1375
3 3100 6930 6931
3 1380 6932 1381
3 3091 3090 6933
3 6934 6935 3075
3 6936 6937 6938
3 1392 6939 1393
3 1395 6940 1396
3 6941 6942 6943
3 6944 6945 6946
3 3037 3036 6947
3 1407 6948 1408
3 3012 6949 6950
3 1413 6951 1414
3 2995 6952 6953
3 1419 6954 1420
3 6955 6956 6957
3 6958 6959 6960
3 6961 6962 6963
3 6964 6965 6966
3 6967 6968 6969
3 6970 6971 2939
3 1440 2937 1441
3 6972 6973 6974
3 1446 6975 1447
3 6976 6977 6978
3 1452 6979 1453
3 2891 2896 6980
3 1458 6981 1459
3 6982 6983 2877
3 1464 6984 1465
3 6985 6986 2861
3 6987 6988 6989
3 6990 6991 6992
3 2844 2843 6993
3 2835 2834 6994
3 6995 6996 6997
3 1485 6998 1486
3 1488 6999 1489
3 7000 7001 7002
3 1494 7003 1495
3 7004 7005 7006
3 1500 7007 1501
3 1503 7008 1504
3 7009 7010 2768
3 7011 7012 7013
3 7014 7015 7016
3 1515 7017 1516
3 1518 7018 1519
3 1521 7019 1522
3 7020 7021 7022
3 7023 7024 7025
3 7026 7027 7028
3 7029 7030 7031
3 1536 7032 1537
3 1539 7033 1540
3 1542 7034 1543
3 7035 7036 2670
3 7037 7038 7039
3 7040 7041 7042
3 7043 7044 7045
3 1557 7046 1558
3 7047 7048 7049
3 1563 2628 1564
3 1566 7050 1567
3 7051 7052 2607
3 1572 7053 1573
3 1575 7054 1576
3 7055 7056 2588
3 7057 7058 7059
3 2570 2577 7060
3 1587 7061 1588
3 1590 7062 1591
3 7063 7064 7065
3 1596 7066 1597
3 1599 7067 1600
3 1602 7068 1603
3 7069 7070 7071
3 1608 7072 1609
3 1611 7073 1612
3 1614 7074 1615
3 1617 7075 1618
3 2485 2484 7076
3 1623 7077 1624
3 1626 7078 1627
3 1629 7079 1630
3 1632 7080 1633
3 7081 7082 7083
3 7084 7085 2430
3 1641 7086 1642
3 1644 7087 1645
3 1647 7088 1648
3 7089 7090 2403
3 1653 7091 1654
3 1656 2394 1657
3 1659 7092 1660
3 1662 7093 1663
3 1665 7094 1666
3 1668 7095 1669
3 7096 7097 7098
3 7099 7100 7101
3 7102 7103 2336
3 1680 7104 1681
3 1683 7105 1684
3 7106 7107 7108
3 1689 7109 1690
3 7110 7111 7112
3 1695 7113 1696
3 1698 7114 1699
3 7115 7116 7117
3 1704 7118 1705
3 1707 2272 1708
3 1710 7119 1711
3 7120 7121 2252
3 1716 7122 1717
3 1719 7123 1720
3 1722 7124 1723
3 1725 7125 1726
3 1728 2227 1729
3 7126 7127 7128
3 7129 7130 7131
3 1737 7132 1738
3 7133 7134 7135
3 2180 2185 7136
3 7137 7138 7139
3 1749 7140 1750
3 1752 7141 1753
3 1755 7142 1756
3 1758 7143 1759
3 7144 7145 7146
3 7147 7148 7149
3 7150 7151 7152
3 1770 7153 1771
3 1773 7154 1774
3 7155 7156 7157
3 2099 2098 7158
3 7159 7160 2083
3 7161 7162 2074
3 1788 7163 1789
3 1791 7164 1792
3 1794 7165 1795
3 7166 7167 7168
3 7169 7170 7171
3 1803 7172 1804
3 1806 7173 1807
3 1809 7174 1810
3 1812 7175 1813
3 1815 2010 1816
3 1818 7176 1819
3 7177 7178 7179
3 1824 7180 1825
3 1827 7181 1828
3 7182 7183 7184
3 7185 7186 7187
3 7188 7189 7190
3 1945 7191 7192
3 7193 7194 7195
3 7196 7197 7198
3 7199 7200 7201
3 1915 1920 7202
3 1854 7203 1855
3 7204 7205 1902
3 7206 7207 7208
3 7209 7210 1889
3 7211 7212 7213
3 1869 7214 1870
3 1876 1871 1870
3 1875 7215 1871
3 7216 7217 7218
3 7219 1868 1867
3 7220 1887 1886
3 7221 1866 1868
3 7222 7223 7224
3 1891 7225 1892
3 1893 7226 1894
3 1896 1862 1861
3 1898 1900 1862
3 1899 1860 1862
3 7227 7228 7229
3 1904 1908 1905
3 7230 7231 7232
3 1909 1856 1855
3 7233 1914 1913
3 7234 1854 1856
3 1851 1853 7235
3 1918 1915 1917
3 1918 7236 1920
3 1848 1850 1921
3 1923 7237 1924
3 1923 7238 7239
3 1845 1847 7240
3 1932 1936 1933
3 1932 7241 1935
3 1842 1844 1937
3 1939 7242 1940
3 7243 7244 7245
3 1839 1841 7246
3 1948 1952 1949
3 7247 7248 7249
3 1953 7250 1954
3 1959 1953 1955
3 1959 7251 1960
3 1965 1835 1834
3 7252 1968 1967
3 7253 7254 7255
3 7256 1832 1831
3 7257 1976 1832
3 1975 1830 1832
3 1977 1829 1828
3 1979 1981 1829
3 1980 1827 1829
3 1982 1826 1825
3 1984 1986 1826
3 1985 1824 1826
3 7258 1823 1822
3 7259 7260 7261
3 1993 1821 1823
3 2000 1999 7262
3 7263 2002 1820
3 2001 1818 1820
3 1815 1817 7264
3 7265 2003 2005
3 2009 7266 2010
3 7267 7268 7269
3 2013 2017 2014
3 2013 7270 2016
3 1809 1811 2018
3 2020 2024 2021
3 2020 7271 2023
3 1806 1808 2025
3 2027 2031 2028
3 2027 7272 2030
3 1803 1805 7273
3 2038 2040 7274
3 2038 7275 2039
3 1800 1802 7276
3 2047 2041 2043
3 7277 7278 7279
3 7280 7281 7282
3 7283 2057 2056
3 7284 7285 7286
3 2058 1796 1795
3 2060 2062 1796
3 2061 1794 1796
3 2063 1793 1792
3 2065 2067 1793
3 2066 1791 1793
3 2068 1790 1789
3 2070 2072 1790
3 2071 1788 1790
3 2078 2077 7287
3 7288 2081 2080
3 7289 1785 1787
3 2087 2086 7290
3 2085 7291 2086
3 7292 1782 1784
3 2091 7293 2092
3 7294 2091 2093
3 2094 7295 7296
3 1776 1778 7297
3 7298 7299 7300
3 7301 7302 7303
3 1773 1775 7304
3 2111 2115 2112
3 2111 7305 2114
3 1770 1772 2116
3 2118 2122 2119
3 2118 7306 2121
3 1767 1769 2123
3 2128 2130 7307
3 2125 7308 7309
3 1764 1766 7310
3 7311 7312 7313
3 7314 7315 7316
3 7317 7318 7319
3 7320 7321 7322
3 2146 1761 1763
3 2152 1760 1759
3 2151 7323 1760
3 2153 7324 2154
3 2156 1757 1756
3 2158 2160 1757
3 2159 1755 1757
3 2161 1754 1753
3 2163 2165 1754
3 2164 1752 1754
3 2171 2170 7325
3 2169 2173 2170
3 7326 7327 7328
3 2174 1748 1747
3 7329 7330 7331
3 7332 1746 1748
3 7333 7334 7335
3 2183 2180 2182
3 7336 7337 7338
3 7339 7340 7341
3 7342 7343 7344
3 2192 7345 2193
3 1737 1739 7346
3 7347 7348 7349
3 7347 7350 7351
3 1734 1736 7352
3 2207 2211 2208
3 2207 7353 2210
3 2212 7354 2213
3 7355 7356 7357
3 7358 7359 7360
3 7361 7362 7363
3 7364 7365 7366
3 7367 7368 7369
3 2228 1727 1726
3 7370 2233 2232
3 7371 7372 7373
3 2234 1724 1723
3 7374 2240 1724
3 7375 7376 7377
3 2241 1721 1720
3 2243 2245 1721
3 2244 1719 1721
3 2246 1718 1717
3 2248 2250 1718
3 2249 1716 1718
3 2251 7378 2252
3 2254 2258 2255
3 2257 7379 2255
3 2263 2262 7380
3 2261 7381 2262
3 2264 1710 1712
3 2266 7382 2267
3 7383 2266 2268
3 2269 7384 2272
3 2273 7385 2274
3 2276 2280 2277
3 2276 7386 2279
3 1701 1703 7387
3 7388 7389 7390
3 2284 7391 2287
3 1698 1700 2289
3 2291 7392 2292
3 2291 7393 7394
3 1695 1697 2297
3 7395 7396 7397
3 2299 7398 2302
3 1692 1694 7399
3 2307 2304 2306
3 2307 7400 2309
3 7401 7402 7403
3 7404 7405 7402
3 2315 1689 1691
3 2317 2321 2318
3 7406 2324 2323
3 7407 1686 1688
3 2325 1685 1684
3 2327 2329 1685
3 2328 1683 1685
3 2330 1682 1681
3 2332 2334 1682
3 2333 1680 1682
3 7408 7409 7410
3 7411 7412 7413
3 2340 1677 1679
3 2342 7414 2343
3 7415 2350 2349
3 7416 7099 7417
3 1671 1673 7418
3 7419 7420 7421
3 7422 7423 7097
3 1668 1670 2359
3 2361 2365 2362
3 2361 7424 2364
3 1665 1667 2366
3 2368 2372 2369
3 2368 7425 2371
3 1662 1664 2373
3 2375 2379 2376
3 2375 7426 2378
3 1659 1661 2380
3 2382 7427 2383
3 7428 7429 7430
3 7431 7432 7433
3 7434 7431 7435
3 2391 7436 2394
3 7437 1655 1654
3 2398 2401 2399
3 7438 1653 1655
3 2406 1652 1651
3 7439 2409 2408
3 2407 7089 2408
3 2410 2414 2411
3 7440 2416 1649
3 2415 1647 1649
3 2417 1646 1645
3 2419 2421 1646
3 2420 1644 1646
3 2422 1643 1642
3 2424 2428 2425
3 7441 1641 1643
3 2434 2433 7442
3 2432 7443 2433
3 7444 7084 7445
3 2438 7446 2439
3 7447 2438 2440
3 2441 7448 7082
3 1632 1634 2447
3 2452 2454 7449
3 7450 7451 7452
3 1629 1631 7453
3 2458 2462 2459
3 2458 7454 2461
3 1626 1628 7455
3 2466 2470 2467
3 2466 7456 2469
3 2471 7457 2472
3 2474 2478 2475
3 2474 7458 2477
3 1620 1622 2479
3 2483 2485 7459
3 2483 7460 2484
3 2490 1619 1618
3 7461 2493 2492
3 7462 1617 1619
3 2498 1616 1615
3 7463 2501 2500
3 7464 7465 7466
3 2502 1613 1612
3 2504 2506 1613
3 2505 1611 1613
3 2507 1610 1609
3 2509 2511 1610
3 2510 1608 1610
3 2517 2516 7467
3 7468 7469 7470
3 2518 7471 2519
3 7472 7473 7474
3 2524 7475 2525
3 2527 7476 2528
3 2530 7477 2531
3 7478 7479 7480
3 2536 7481 2537
3 1596 1598 7482
3 2542 7483 2543
3 2542 7484 7485
3 7486 7487 7488
3 2550 2554 2551
3 7489 7490 7491
3 2555 7492 2556
3 2558 2562 2559
3 7493 7494 7495
3 1587 1589 2563
3 2565 2569 2566
3 7496 7497 7498
3 1584 1586 7499
3 2576 2570 2572
3 2576 7500 2577
3 2583 2582 7501
3 7502 2586 2585
3 7503 7504 7505
3 2592 2591 7506
3 7507 7508 7509
3 7510 1578 1580
3 2596 1577 1576
3 2598 2600 1577
3 2599 1575 1577
3 2601 1574 1573
3 2603 2605 1574
3 2604 1572 1574
3 7511 7512 7513
3 2609 2612 2610
3 7514 1569 1571
3 2618 2617 7515
3 7516 7517 7518
3 2619 1566 1568
3 7519 7520 7521
3 7522 2621 2623
3 2627 7523 2628
3 7524 7525 7526
3 2631 2635 2632
3 2631 7527 2634
3 1557 1559 2636
3 2638 7528 2639
3 2641 7529 2642
3 7043 7530 7531
3 2646 2650 2647
3 2646 7532 2649
3 2659 7533 7534
3 7535 1551 7536
3 2657 7537 2658
3 1548 1550 7538
3 7539 2660 2662
3 7540 7541 7542
3 7543 7544 7545
3 7546 2677 2676
3 7547 7548 7549
3 2678 1544 1543
3 7550 7551 7552
3 2683 1542 1544
3 7553 7554 7555
3 2687 2689 1541
3 2688 1539 1541
3 2690 1538 1537
3 2692 2694 1538
3 2693 1536 1538
3 7556 1535 1534
3 7557 7558 7559
3 2700 1533 1535
3 7560 7561 7028
3 7562 7563 1532
3 7564 7565 7566
3 2719 7567 7568
3 7569 7570 7571
3 7569 7572 7573
3 7020 7574 7575
3 2726 2728 7576
3 2726 7577 2727
3 1521 1523 2729
3 2731 2735 2732
3 2731 7578 2734
3 1518 1520 2736
3 2738 7579 2739
3 2741 7580 2742
3 7581 7582 7583
3 2747 2744 2746
3 7584 7585 7586
3 1512 1514 7587
3 7588 7589 7590
3 2753 7591 7592
3 2763 1511 1510
3 7593 2766 2765
3 7594 7595 7596
3 2771 1508 1507
3 2770 7597 1508
3 7598 7599 7600
3 2775 1505 1504
3 2777 2779 1505
3 2778 1503 1505
3 2780 1502 1501
3 2782 2784 1502
3 2783 1500 1502
3 2789 2788 7601
3 7602 2792 2791
3 2790 7004 2791
3 7603 7604 7605
3 7606 7607 7608
3 7609 7610 7611
3 7612 7613 7614
3 7615 7616 7617
3 2803 7618 2806
3 1488 1490 7619
3 7620 7621 7622
3 7623 7624 7625
3 1485 1487 2815
3 2817 2821 2818
3 2817 7626 2820
3 1482 1484 2822
3 2824 2828 2825
3 2824 7627 2827
3 7628 7629 7630
3 2831 2835 2832
3 7631 7632 7633
3 7634 7635 7636
3 7637 2836 2838
3 7638 7639 7640
3 2845 1475 1474
3 7641 7642 7643
3 2850 1473 1475
3 2856 1472 1471
3 7644 2859 2858
3 7645 6987 7646
3 7647 7648 7649
3 2863 7650 2864
3 2866 6985 2867
3 2873 1466 1465
3 2872 2875 1466
3 2874 1464 1466
3 7651 7652 7653
3 7654 2884 2883
3 2882 7655 2883
3 2885 1460 1459
3 7656 2890 2889
3 7657 1458 1460
3 1455 1457 7658
3 2894 2891 2893
3 2894 7659 2896
3 1452 1454 7660
3 7661 7662 7663
3 2900 7664 2903
3 1449 1451 7665
3 2908 2912 2909
3 2908 7666 2911
3 2913 7667 2914
3 7668 7669 7670
3 2919 7671 2920
3 1443 1445 7672
3 2928 2930 7673
3 2928 7674 2929
3 7675 7676 7677
3 2934 1440 2935
3 7678 7679 7680
3 7681 7682 7683
3 7684 2946 2945
3 7685 1437 1439
3 7686 7687 6969
3 7688 7689 7690
3 2952 7691 2953
3 7692 1433 1432
3 2958 7693 2959
3 7694 7695 2959
3 2963 1430 1429
3 7696 7697 7698
3 2966 1428 1430
3 7699 1427 1426
3 7700 7701 1427
3 7702 6958 2972
3 7703 7704 7705
3 7706 2985 2984
3 2983 7707 2984
3 1419 1421 7708
3 7709 7710 7711
3 7712 7713 7714
3 2995 7715 2996
3 3001 3003 7716
3 3001 7717 3002
3 7718 7719 7720
3 3009 3011 7721
3 3009 7722 3010
3 3012 7723 3013
3 3015 3019 3016
3 7724 7725 7726
3 3020 7727 3021
3 7728 7729 7730
3 3023 7731 7732
3 1404 1406 7733
3 7734 7735 7736
3 3032 7737 7738
3 7739 7740 7741
3 7742 7743 7744
3 7745 7746 7747
3 3052 3051 7748
3 7749 7750 7751
3 3053 6941 3054
3 3056 1397 1396
3 3058 3060 1397
3 3059 1395 1397
3 3061 1394 1393
3 3063 3065 1394
3 3064 1392 1394
3 7752 7753 6938
3 3069 3073 3070
3 7754 6936 7753
3 7755 7756 7757
3 7758 7759 7756
3 7760 1386 1388
3 7761 7762 7763
3 7764 7761 7765
3 3086 7766 7767
3 1380 1382 3092
3 3094 7768 3095
3 3097 7769 3098
3 3100 7770 3101
3 3103 3107 3104
3 3103 7771 3106
3 1374 1376 3108
3 3110 3114 3111
3 3110 7772 3113
3 1371 1373 7773
3 7774 7775 7776
3 7777 7778 7779
3 7780 7781 7782
3 7783 7784 7785
3 7786 7787 7788
3 7789 7790 7791
3 7792 7793 1367
3 7794 7795 3137
3 3141 7796 3142
3 7797 7798 7796
3 7799 7800 7801
3 3149 1361 1360
3 3151 3153 1361
3 3152 1359 1361
3 3154 1358 1357
3 3156 3158 1358
3 3157 1356 1358
3 7802 7803 7804
3 3162 7805 3163
3 3164 7806 3165
3 3171 3170 7807
3 3169 7808 3170
3 3172 1350 1352
3 3174 7809 3175
3 7810 3174 3176
3 7811 7812 7813
3 3181 7814 3182
3 3184 7815 3185
3 3184 7816 7817
3 3190 7818 3191
3 3193 3197 3194
3 3193 7819 3196
3 1338 1340 3198
3 3203 3205 7820
3 3200 7821 7822
3 1335 1337 7823
3 3209 7824 3210
3 3212 7825 3213
3 3222 7826 7827
3 7828 7829 7830
3 7831 7832 7833
3 7834 1331 1330
3 7835 3231 3230
3 7836 7837 7838
3 7839 7840 7841
3 7842 7843 7844
3 7845 7846 7847
3 3240 1325 1324
3 3242 3244 1325
3 3243 1323 1325
3 3245 1322 1321
3 3247 3249 1322
3 3248 1320 1322
3 3250 1319 1318
3 7848 7849 7850
3 7851 7852 7853
3 7854 7855 7856
3 3259 7857 3260
3 7858 7859 7860
3 3265 7861 3266
3 7862 7863 7864
3 7865 7866 7867
3 1308 1310 7868
3 3277 7869 3278
3 3277 7870 7871
3 1305 1307 3283
3 3288 3290 7872
3 7873 7874 7875
3 3291 7876 3292
3 3294 3298 3295
3 3294 7877 3297
3 3299 7878 3300
3 3302 7879 3303
3 3305 7880 3306
3 1296 1298 7881
3 3314 3316 7882
3 7883 7884 7885
3 7886 7887 7888
3 7889 3325 3324
3 7890 7891 7892
3 7893 7894 7895
3 3329 3333 3330
3 7896 1290 1292
3 3334 1289 1288
3 3336 3338 1289
3 3337 1287 1289
3 3339 1286 1285
3 3341 3343 1286
3 3342 1284 1286
3 3344 7897 3345
3 7898 3352 3351
3 7899 1281 1283
3 3358 3357 7900
3 7901 3361 3360
3 7902 7903 7904
3 1275 1277 7905
3 7906 3362 3364
3 3365 7907 7908
3 3371 7909 3372
3 7910 7911 7912
3 3374 7913 3377
3 3379 7914 3380
3 3385 3387 7915
3 3385 7916 3386
3 3388 7917 3389
3 7918 7919 7920
3 7921 7922 7923
3 1263 1265 3396
3 7924 7925 7926
3 3398 7927 7928
3 1260 1262 7929
3 7930 7931 7932
3 7933 7934 7935
3 7936 7937 7938
3 3416 3419 3417
3 7939 1257 1259
3 7940 7941 7942
3 7943 7944 7945
3 7946 1254 1256
3 3426 1253 1252
3 3428 3430 1253
3 3429 1251 1253
3 3431 1250 1249
3 3433 3435 1250
3 3434 1248 1250
3 3436 3440 3437
3 3439 7947 3440
3 7948 7949 7950
3 3444 1244 1243
3 3446 3448 1244
3 3447 1242 1244
3 1239 1241 3449
3 3451 1239 3450
3 7951 7952 7953
3 1236 1238 3454
3 7954 7955 7956
3 3456 7957 3459
3 1233 1235 7958
3 7959 7960 7961
3 3464 7962 3467
3 1230 1232 3469
3 7963 7964 7965
3 7963 7966 7967
3 1227 1229 3477
3 3479 3483 3480
3 7968 7969 7970
3 1224 1226 3484
3 3486 7971 3487
3 7972 7973 7974
3 7975 1223 1222
3 7976 7977 1223
3 7978 7979 3496
3 3500 3504 3501
3 3503 3506 3504
3 3505 7980 3504
3 3507 3511 3508
3 3510 3513 3511
3 7981 1215 1217
3 3514 1214 1213
3 3516 3518 1214
3 3517 1212 1214
3 3519 1211 1210
3 3521 7982 3522
3 3524 7983 3525
3 7984 1208 1207
3 7985 7986 7987
3 7988 7989 3531
3 7990 7991 7992
3 3539 1203 7993
3 7994 7995 7996
3 3541 7997 3542
3 3544 3548 3545
3 3544 7998 3547
3 1197 1199 7999
3 3552 8000 3553
3 3552 8001 8002
3 1194 1196 3558
3 8003 8004 8005
3 3560 8006 3563
3 1191 1193 3565
3 3567 3571 3568
3 8007 8008 8009
3 3579 8010 8011
3 3577 3579 8012
3 3577 8013 3578
3 3580 8014 3581
3 8015 8016 8014
3 3586 1185 1187
3 8017 8018 8019
3 8020 8021 8022
3 8023 8024 8022
3 3597 1181 1180
3 3599 3601 1181
3 3600 1179 1181
3 3602 1178 1177
3 3604 3606 1178
3 3605 1176 1178
3 8025 1175 1174
3 8026 3613 1175
3 3612 1173 1175
3 3619 3618 8027
3 8028 3622 3621
3 8029 1170 1172
3 1167 1169 8030
3 8031 3623 3625
3 3629 8032 3630
3 1164 1166 3632
3 3634 3638 3635
3 3634 8033 3637
3 1161 1163 3639
3 3641 8034 3642
3 3641 8035 8036
3 3647 8037 3648
3 3650 3654 3651
3 3650 8038 3653
3 1155 1157 8039
3 3658 3662 3659
3 8040 8041 8042
3 8043 8044 8045
3 3666 8043 3667
3 3666 8046 8047
3 8048 8049 8050
3 3674 3678 3675
3 8051 1149 1151
3 3683 1148 1147
3 8052 8053 8054
3 8055 8056 8057
3 3686 1145 1144
3 3688 3690 1145
3 3689 1143 1145
3 8058 8059 8060
3 3693 3695 1142
3 3694 1140 1142
3 8061 8062 8063
3 8064 3702 1139
3 3701 1137 1139
3 3703 1136 1135
3 3705 3709 3706
3 8065 1134 1136
3 1131 1133 3710
3 3712 3716 3713
3 8066 8067 8068
3 1128 1130 8069
3 3720 8070 3721
3 3723 8071 3724
3 1125 1127 3726
3 3728 8072 3729
3 3728 8073 8074
3 1122 1124 8075
3 3737 3741 3738
3 3737 8076 3740
3 8077 8078 8079
3 8080 8081 8082
3 8083 8084 8085
3 1116 1118 3749
3 8086 8087 8088
3 8089 8090 8091
3 8092 1115 1114
3 8093 8094 8095
3 8096 6771 3761
3 3766 3770 3767
3 3769 3772 3770
3 8097 1110 1112
3 3773 1109 1108
3 3775 3777 1109
3 3776 1107 1109
3 3778 1106 1105
3 3780 3782 1106
3 3781 1104 1106
3 3783 8098 3784
3 8099 8100 8098
3 8101 8102 8103
3 8104 8105 6762
3 3794 8106 1100
3 8107 8108 8109
3 3799 8110 3800
3 8111 8112 8113
3 8111 8114 8115
3 8116 8117 8118
3 8119 8120 8121
3 3810 8122 8123
3 3816 8124 3817
3 3819 3823 3820
3 3819 8125 3822
3 1086 1088 3824
3 3826 3830 3827
3 3826 8126 3829
3 8127 8128 8129
3 3833 8130 3834
3 3836 8131 3837
3 8132 8133 8134
3 3845 3847 8135
3 8136 8137 6746
3 3852 1079 1078
3 8138 8139 8140
3 8141 1077 1079
3 3861 3860 6742
3 3859 8142 3860
3 8143 8144 8145
3 3864 1073 1072
3 3866 3868 1073
3 3867 1071 1073
3 3869 1070 1069
3 3871 3873 1070
3 3872 1068 1070
3 3878 1067 1066
3 3877 8146 1067
3 8147 8148 8149
3 3886 1064 1063
3 3885 8150 1064
3 8151 1062 1064
3 3890 8152 3891
3 3896 3890 3892
3 8153 8154 8155
3 3898 8156 3899
3 3901 3905 3902
3 3901 8157 3904
3 1053 1055 3906
3 3908 3912 3909
3 3908 8158 3911
3 1050 1052 3913
3 3915 3919 3916
3 3915 8159 3918
3 6724 8160 8161
3 8162 8163 8164
3 8162 8165 8166
3 8167 8168 8169
3 3935 3929 3931
3 8170 8171 8172
3 3942 3941 8173
3 8174 3945 3944
3 8175 8176 8177
3 3946 8178 3947
3 3949 8179 3950
3 8180 8181 8182
3 8183 1037 1036
3 3958 3962 3959
3 3961 6715 3959
3 3963 3967 3964
3 3966 3969 3967
3 8184 1032 1034
3 8185 8186 8187
3 8188 3977 3976
3 8189 8190 8191
3 3983 3982 8192
3 3981 8193 3982
3 8194 1026 1028
3 3987 8195 3988
3 8196 3987 3989
3 3990 8197 8198
3 1020 1022 3996
3 3998 8199 3999
3 3998 8200 8201
3 1017 1019 4004
3 4006 8202 4007
3 4006 8203 8204
3 1014 1016 8205
3 4018 4020 8206
3 4018 8207 4019
3 4021 8208 4022
3 8209 8210 8211
3 4024 8212 8213
3 1008 1010 8214
3 8215 4030 4032
3 4033 8216 8217
3 8218 8219 8220
3 8221 4047 4046
3 8222 1005 1007
3 8223 8224 8225
3 8226 8227 8228
3 8229 8230 8228
3 8231 1001 1000
3 4060 4063 4061
3 4062 8232 4061
3 4064 4068 4065
3 8233 4070 998
3 4069 996 998
3 8234 8235 8236
3 8237 4078 4077
3 8238 8239 8240
3 4084 4083 8241
3 8242 8243 8244
3 4085 990 992
3 8245 8246 8247
3 8248 4087 4089
3 4090 8249 8250
3 984 986 4095
3 4097 8251 4098
3 4100 8252 4101
3 981 983 4103
3 8253 8254 8255
3 4105 8256 4108
3 978 980 8257
3 4113 4117 4114
3 8258 8259 8260
3 8261 8262 8263
3 8264 8265 8266
3 4121 8267 8268
3 972 974 8269
3 8270 8271 8272
3 4130 8273 8274
3 4140 971 970
3 8275 8276 8277
3 8278 969 971
3 8279 8280 8281
3 8282 8283 8280
3 4149 966 968
3 4151 965 964
3 4153 4155 965
3 4154 963 965
3 4156 962 961
3 4158 4160 962
3 4159 960 962
3 8284 959 958
3 8285 8286 8287
3 4167 957 959
3 4173 956 955
3 8288 8289 8290
3 4174 954 956
3 8291 8292 8293
3 4181 951 4177
3 8294 8295 8296
3 8297 8298 8299
3 4185 4189 4186
3 4185 8300 4188
3 945 947 4190
3 4192 4196 4193
3 4192 8301 4195
3 942 944 4197
3 4199 4203 4200
3 4199 8302 4202
3 8303 8304 8305
3 8306 8307 8308
3 8309 8310 8311
3 8312 8313 8314
3 4217 4211 4213
3 8315 8316 8317
3 8318 8319 8320
3 8321 8322 8323
3 8324 8325 8326
3 4228 8327 4229
3 8328 8329 8327
3 8330 6646 8331
3 4236 929 928
3 4238 4240 929
3 4239 927 929
3 4241 926 925
3 4243 4245 926
3 4244 924 926
3 8332 923 922
3 8333 8334 923
3 8335 8336 8337
3 8338 920 919
3 8339 4261 4260
3 8340 8341 4257
3 915 917 8342
3 4268 4270 8343
3 4268 8344 4269
3 8345 8346 8347
3 4276 4278 8348
3 4273 8349 8350
3 909 911 8351
3 4282 4286 4283
3 4282 8352 4285
3 906 908 4287
3 4289 8353 4290
3 4292 8354 4293
3 4295 8355 4296
3 8356 8357 8358
3 4301 8359 4302
3 8360 8361 8362
3 8363 8364 8365
3 8366 8367 8368
3 8369 899 898
3 8370 8371 8372
3 4319 897 899
3 8373 896 895
3 8374 8375 896
3 4327 8376 4328
3 4330 893 892
3 4332 4334 893
3 4333 891 893
3 4335 890 889
3 4337 4339 890
3 4338 888 890
3 8377 887 886
3 8378 8379 8380
3 8381 6623 4344
3 8382 8383 8384
3 8385 4356 4355
3 8386 882 884
3 879 881 8387
3 8388 8389 8390
3 8391 8392 8393
3 8394 8395 8396
3 4369 4373 4370
3 4369 8397 4372
3 873 875 4374
3 4379 4381 8398
3 8399 8400 8401
3 4382 8402 4383
3 4385 4389 4386
3 4385 8403 4388
3 4390 8404 4391
3 8405 8406 8407
3 8408 8409 8410
3 8411 8412 8413
3 4404 864 8414
3 8415 8416 8417
3 4406 863 862
3 4408 4410 863
3 4409 861 863
3 8418 8419 8420
3 4414 8421 4415
3 8422 8423 8424
3 4420 857 856
3 4422 4424 857
3 4423 855 857
3 4425 854 853
3 4427 4429 854
3 4428 852 854
3 4430 4434 4431
3 4433 8425 4434
3 4435 849 851
3 8426 8427 8428
3 4440 4444 4441
3 8429 846 848
3 843 845 4445
3 8430 8431 8432
3 8433 8434 8435
3 4453 8436 4454
3 4456 4460 4457
3 4456 8437 4459
3 837 839 4461
3 4463 8438 4464
3 4466 8439 4467
3 8440 8441 8442
3 4474 4476 8443
3 4474 8444 4475
3 831 833 4477
3 4479 4483 4480
3 4479 8445 4482
3 828 830 4484
3 4486 828 4485
3 8446 8447 8448
3 4489 827 826
3 8449 8450 8451
3 8452 6588 4492
3 4496 4500 4497
3 4499 8453 4500
3 4501 822 824
3 4507 4506 8454
3 8455 4509 821
3 4508 819 821
3 4510 818 817
3 4512 4514 818
3 4513 816 818
3 4515 815 814
3 4517 8456 4518
3 4520 8457 4521
3 8458 812 811
3 8459 8460 812
3 8461 6581 4527
3 4540 8462 8463
3 4538 4540 8464
3 8465 8466 6579
3 4541 8467 4542
3 4544 4548 4545
3 4544 8468 4547
3 801 803 8469
3 8470 8471 8472
3 4552 8473 4555
3 798 800 4557
3 4559 8474 4560
3 4559 8475 8476
3 795 797 4565
3 4570 4572 8477
3 4570 8478 4571
3 8479 8480 8481
3 4576 792 4577
3 8482 8483 6571
3 8484 791 790
3 4583 4587 4584
3 4586 8485 4584
3 8486 8487 8488
3 8489 4596 4595
3 4594 6568 4595
3 4597 785 784
3 4599 4601 785
3 4600 783 785
3 4602 782 781
3 4604 4606 782
3 4605 780 782
3 4611 4610 8490
3 8491 8492 8493
3 8494 777 779
3 4614 776 775
3 8495 8496 8497
3 8498 774 776
3 8499 8500 8501
3 4623 4620 4622
3 4623 8502 4625
3 768 770 8503
3 4629 4633 4630
3 4629 8504 4632
3 765 767 4634
3 4636 4640 4637
3 4636 8505 4639
3 762 764 4641
3 4643 4647 4644
3 4643 8506 4646
3 759 761 4648
3 4650 8507 4651
3 4653 8508 4654
3 756 758 4656
3 4661 4663 8509
3 4661 8510 4662
3 8511 755 754
3 8512 4671 755
3 4670 753 755
3 4672 8513 4673
3 4675 4679 4676
3 4678 6554 4676
3 4680 749 748
3 4682 4684 749
3 4683 747 749
3 4685 746 745
3 4687 4689 746
3 4688 744 746
3 8514 8515 6551
3 4692 4694 743
3 4693 741 743
3 4700 4699 8516
3 8517 4703 4702
3 8518 738 740
3 735 737 8519
3 8520 4704 4706
3 4710 8521 4711
3 732 734 4713
3 4715 4719 4716
3 4715 8522 4718
3 729 731 8523
3 4723 8524 4724
3 4723 8525 8526
3 4729 8527 4730
3 4732 4736 4733
3 4732 8528 4735
3 723 725 4737
3 4739 4743 4740
3 8529 8530 8531
3 720 722 8532
3 4750 720 8533
3 4750 8534 4751
3 8535 719 718
3 8536 4760 4759
3 8537 8538 8539
3 8540 8541 8542
3 8543 8544 8545
3 8546 8547 8545
3 4770 713 712
3 4772 4774 713
3 4773 711 713
3 4775 710 709
3 4777 4779 710
3 4778 708 710
3 4780 707 706
3 8548 8549 8550
3 8551 705 707
3 8552 8553 8554
3 8555 8556 8557
3 4794 702 704
3 8558 8559 8560
3 8561 8562 8563
3 8564 8565 8566
3 696 698 8567
3 8568 8569 8570
3 4807 8571 4810
3 693 695 4812
3 4814 4818 4815
3 8572 8573 8574
3 8575 8576 8577
3 4822 4826 4823
3 4822 8578 4825
3 8579 8580 8581
3 4830 8582 4831
3 4830 8583 8584
3 684 686 8585
3 4842 4844 8586
3 8587 8588 8589
3 8590 8591 8592
3 8593 8594 8595
3 8596 8597 8598
3 8599 8600 8601
3 8602 8603 8600
3 4859 678 680
3 4861 677 676
3 4863 4865 677
3 4864 675 677
3 4866 674 673
3 4868 4870 674
3 4869 672 674
3 8604 671 670
3 8605 8606 8607
3 4877 669 671
3 4879 8608 4880
3 8609 4887 4886
3 4885 6507 4886
3 663 665 8610
3 4891 8611 4892
3 8612 8613 6506
3 6503 8614 8615
3 4900 4904 4901
3 8616 8617 8618
3 657 659 8619
3 4908 4912 4909
3 4908 8620 4911
3 654 656 4913
3 4915 8621 4916
3 4918 8622 4919
3 4921 8623 4922
3 4924 8624 4925
3 8625 8626 8627
3 8628 8629 8630
3 8631 8632 8633
3 8634 8635 8636
3 8637 647 646
3 8638 8639 8640
3 8641 645 647
3 4953 4952 6492
3 4951 8642 4952
3 8643 8644 8645
3 4956 641 640
3 4958 4960 641
3 4959 639 641
3 4961 638 637
3 4963 4965 638
3 4964 636 638
3 4970 635 634
3 4969 8646 635
3 8647 8648 8649
3 4978 632 631
3 4977 8650 632
3 8651 630 632
3 4982 8652 4983
3 4988 4982 4984
3 8653 8654 8655
3 4990 8656 4991
3 4993 8657 4994
3 4993 8658 8659
3 621 623 4999
3 5001 5005 5002
3 5001 8660 5004
3 618 620 5006
3 5008 5012 5009
3 5008 8661 5011
3 6474 8662 8663
3 5016 8664 5017
3 5016 8665 8666
3 8667 8668 8669
3 5028 5030 8670
3 8671 8672 8673
3 5036 5035 8674
3 8675 5039 5038
3 8676 8677 8678
3 5040 8679 5041
3 5043 8680 5044
3 8681 8682 8683
3 8684 605 604
3 5052 5056 5053
3 5055 6465 5053
3 5057 5061 5058
3 5060 5063 5061
3 8685 600 602
3 8686 8687 8688
3 8689 5071 5070
3 8690 8691 8692
3 5077 5076 8693
3 5075 8694 5076
3 8695 594 596
3 5081 8696 5082
3 8697 5081 5083
3 5084 8698 8699
3 588 590 5090
3 5092 8700 5093
3 5092 8701 8702
3 585 587 5098
3 5100 8703 5101
3 5100 8704 8705
3 582 584 8706
3 5112 5114 8707
3 5112 8708 5113
3 5115 8709 5116
3 8710 8711 8712
3 5118 8713 8714
3 576 578 8715
3 8716 5124 5126
3 5127 8717 8718
3 5137 575 574
3 5136 8719 575
3 8720 8721 8722
3 8723 572 571
3 8724 5148 5147
3 8725 570 572
3 8726 8727 8728
3 5152 8729 5153
3 5154 8730 5155
3 5157 566 565
3 5159 5161 566
3 5160 564 566
3 8731 8732 8733
3 5165 5169 5166
3 8734 8735 8736
3 5170 560 559
3 8737 5175 5174
3 8738 558 560
3 555 557 8739
3 5179 5176 5178
3 5179 8740 5181
3 552 554 5182
3 5184 8741 5185
3 5184 8742 8743
3 549 551 8744
3 5193 5197 5194
3 5193 8745 5196
3 5198 8746 5199
3 5201 8747 5202
3 8748 8749 8750
3 543 545 8751
3 5210 5214 5211
3 8752 8753 8754
3 5215 8755 5216
3 5221 5215 5217
3 5221 8756 5222
3 8757 8758 8759
3 8760 8761 8758
3 8762 8763 8764
3 8765 536 535
3 8766 5238 536
3 5237 534 536
3 5239 533 532
3 5241 5243 533
3 5242 531 533
3 5244 530 529
3 5246 5248 530
3 5247 528 530
3 5253 527 526
3 5252 5255 527
3 5254 525 527
3 5256 524 523
3 8767 5261 5260
3 8768 522 524
3 519 521 5262
3 5264 5268 5265
3 5264 8769 5267
3 516 518 5269
3 5274 5276 8770
3 5274 8771 5275
3 513 515 5277
3 5279 5283 5280
3 5279 8772 5282
3 510 512 5284
3 8773 8774 8775
3 5289 8776 5290
3 507 509 5292
3 5297 5299 8777
3 5297 8778 5298
3 8779 8780 8781
3 8782 8779 8783
3 5306 8784 5307
3 8785 8786 8787
3 8788 8789 8786
3 8790 501 503
3 5317 500 499
3 5319 5321 500
3 8791 8792 8793
3 5322 497 496
3 5324 5326 497
3 5325 495 497
3 5327 494 493
3 5329 5331 494
3 5330 492 494
3 8794 491 490
3 5335 8795 5336
3 5337 8796 5338
3 8797 8798 8799
3 5343 5347 5344
3 8800 6393 8801
3 483 485 5348
3 8802 8803 8804
3 8805 8806 6391
3 5356 8807 5357
3 8808 8809 8810
3 8808 8811 8812
3 477 479 8813
3 5368 5372 5369
3 5368 8814 5371
3 474 476 5373
3 5375 8815 5376
3 5378 8816 5379
3 471 473 5381
3 5383 5387 5384
3 8817 8818 8819
3 8820 8821 8822
3 8823 8820 8824
3 5391 8825 8826
3 5402 5401 8827
3 8828 5405 5404
3 8829 465 467
3 5411 5410 6380
3 8830 8831 8832
3 8833 462 464
3 5415 461 460
3 5417 5419 461
3 5418 459 461
3 5420 458 457
3 5422 5424 458
3 5423 456 458
3 5430 5429 8834
3 8835 5433 5432
3 5431 6374 5432
3 5434 5438 5435
3 5437 8836 5438
3 8837 450 452
3 5442 8838 5443
3 5445 5442 5444
3 8839 8840 8841
3 6367 8842 8843
3 5453 5457 5454
3 5453 8844 5456
3 441 443 5458
3 5460 8845 5461
3 5463 8846 5464
3 6363 8847 8848
3 5468 5472 5469
3 5468 8849 5471
3 5481 8850 8851
3 8852 8853 8854
3 5476 8855 8856
3 432 434 8857
3 8858 8859 8860
3 8861 8862 8863
3 5491 431 430
3 5493 8864 5494
3 8865 429 431
3 5499 5503 5500
3 8866 5505 428
3 5504 426 428
3 5506 425 424
3 5508 5510 425
3 5509 423 425
3 5511 422 421
3 5513 5515 422
3 5514 420 422
3 8867 8868 8869
3 5519 5523 5520
3 8870 417 419
3 5524 416 415
3 5526 5530 5527
3 5529 6345 5527
3 411 413 5531
3 5533 5537 5534
3 8871 8872 6344
3 408 410 8873
3 8874 8875 8876
3 5541 8877 5544
3 5546 8878 5547
3 5552 5554 8879
3 5552 8880 5553
3 5555 8881 5556
3 5558 8882 5559
3 5561 8883 5562
3 399 401 5564
3 5566 8884 5567
3 5569 8885 5570
3 5572 8886 5573
3 5575 5579 5576
3 8887 8888 8889
3 8890 8891 8892
3 5583 5587 5584
3 8893 393 395
3 5588 392 391
3 8894 8895 8896
3 8897 390 392
3 5594 389 388
3 5596 5598 389
3 5597 387 389
3 5599 386 385
3 5601 5603 386
3 5602 384 386
3 8898 383 382
3 5607 8899 5608
3 8900 381 383
3 5617 5616 8901
3 8902 8903 8904
3 5618 378 380
3 8905 8906 8907
3 8908 5620 5622
3 5623 8909 8910
3 372 374 5628
3 5630 8911 5631
3 5630 8912 8913
3 369 371 5636
3 5638 5642 5639
3 5638 8914 5641
3 366 368 5643
3 5645 5649 5646
3 8915 8916 8917
3 363 365 5650
3 8918 8919 8920
3 5652 8921 8922
3 360 362 5658
3 8923 8924 8925
3 5660 8926 8927
3 8928 359 358
3 5669 8929 5670
3 8930 6321 5670
3 5679 5678 8931
3 5677 5681 5678
3 8932 6318 8933
3 5682 353 352
3 5684 5686 353
3 5685 351 353
3 5687 350 349
3 5689 5691 350
3 5690 348 350
3 5697 5696 8934
3 8935 8936 8937
3 8938 8939 8940
3 5701 344 343
3 5703 5705 344
3 5704 342 344
3 339 341 5706
3 5708 339 5707
3 8941 8942 8943
3 5711 8944 5712
3 8945 8946 8947
3 5714 8948 5717
3 333 335 5719
3 5721 5725 5722
3 5721 8949 5724
3 330 332 5726
3 5728 8950 5729
3 5731 8951 5732
3 327 329 5734
3 5736 5740 5737
3 5736 8952 5739
3 5741 8953 5742
3 5746 5748 8954
3 5744 8955 6305
3 5749 323 322
3 8956 5756 5755
3 8957 321 323
3 5757 320 319
3 8958 8959 320
3 5762 8960 5763
3 5765 317 316
3 5767 5769 317
3 5768 315 317
3 5770 314 313
3 5772 5774 314
3 5773 312 314
3 8961 8962 8963
3 5777 5781 5778
3 5780 8964 5778
3 5782 5786 5783
3 5785 8965 5786
3 5787 306 308
3 5789 8966 5790
3 5792 5789 5791
3 5792 8967 8968
3 5796 8969 5797
3 5799 5803 5800
3 5799 8970 5802
3 297 299 8971
3 5807 8972 5808
3 5807 8973 8974
3 294 296 5813
3 8975 8976 8977
3 5815 8978 5818
3 291 293 5820
3 5822 8979 5823
3 5822 8980 8981
3 288 290 8982
3 5831 5835 5832
3 5831 8983 5834
3 8984 8985 8986
3 8987 8988 8989
3 8990 285 287
3 5850 5849 8991
3 8992 8993 8994
3 8995 282 284
3 5854 281 280
3 8996 5860 281
3 5859 279 281
3 5861 278 277
3 5863 5865 278
3 5864 276 278
3 8997 8998 8999
3 9000 9001 9002
3 9003 273 275
3 9004 272 271
3 9005 9006 9007
3 9008 270 272
3 9009 9010 9011
3 5885 5887 9012
3 9013 9014 9015
3 6273 9016 9017
3 5891 9018 5892
3 9019 9020 9021
3 261 263 5897
3 5899 9022 5900
3 5902 9023 5903
3 9024 9025 9026
3 5907 5911 5908
3 5907 9027 5910
3 255 257 9028
3 5915 9029 5916
3 9030 9031 9032
3 9033 9034 9035
3 9036 9037 9038
3 9039 9040 9041
3 5934 251 250
3 9042 9043 9044
3 9045 9046 9047
3 9048 9049 9050
3 9051 9052 9049
3 9053 246 248
3 5947 245 244
3 5949 5951 245
3 5950 243 245
3 5952 242 241
3 5954 5956 242
3 5955 240 242
3 5962 5961 9054
3 5960 9055 5961
3 9056 9057 9058
3 5970 5969 9059
3 9060 9061 236
3 9062 9063 9064
3 5982 9065 9066
3 9067 5974 5976
3 9068 9069 9070
3 5983 9071 5984
3 9072 9073 9074
3 5986 9075 9076
3 225 227 5992
3 5994 5998 5995
3 5994 9077 5997
3 222 224 5999
3 6004 6006 9078
3 6004 9079 6005
3 6007 9080 6008
3 9081 9082 9083
3 6013 9084 6014
3 9085 9086 9087
3 6022 6016 6018
3 9088 9089 9090
3 6024 9091 6025
3 9092 9093 9091
3 9094 9095 9096
3 6033 212 211
3 9097 9098 9099
3 6036 210 212
3 6038 209 208
3 6040 6042 209
3 6041 207 209
3 6043 206 205
3 6045 6047 206
3 6046 204 206
3 6048 203 202
3 9100 6053 6052
3 9101 201 203
3 6054 200 199
3 9102 6059 6058
3 9103 198 200
3 195 197 9104
3 6063 6060 6062
3 6063 9105 6065
3 192 194 9106
3 6069 6073 6070
3 9107 9108 9109
3 189 191 6074
3 6076 6080 6077
3 6076 9110 6079
3 186 188 6081
3 6083 9111 6084
3 9112 9113 9114
3 183 185 6089
3 6091 6095 6092
3 9115 9116 9117
3 9118 9119 9120
3 6099 9118 6100
3 9121 9122 9123
3 6105 179 178
3 9124 9125 9126
3 6110 177 179
3 6116 176 175
3 9127 6119 6118
3 9128 6212 9129
3 9130 9131 9132
3 6123 9133 6124
3 6126 6210 6127
3 6133 170 169
3 6132 6135 170
3 6134 168 170
3 9134 9135 9136
3 9137 6144 6143
3 6142 9138 6143
3 6145 164 163
3 9139 6150 6149
3 9140 162 164
3 159 161 9141
3 6154 6151 6153
3 6154 9142 6156
3 156 158 9143
3 9144 9145 9146
3 6160 9147 6163
3 153 155 9148
3 6168 6172 6169
3 6168 9149 6171
3 150 152 9150
3 9151 9152 9153
3 6179 9154 6180
3 147 149 9155
3 6188 6190 9156
3 6188 9157 6189
3 9158 9159 9160
3 6194 144 6195
3 9161 9162 9163
